1.0 1.0 1.0 1.0 1.0 1.0 1.0 1.0 1.0 1.0
1.0 1.0 1.0 1.0 1.0 1.0 1.0 1.0 1.0 1.0
1.0 1.0 1.0 1.0 1.0 1.0 1.0 1.0 1.0 1.0
1.0 1.0 1.0 1.0 1.0 1.0 1.0 1.0 1.0 1.0
1.0 1.0 1.0 1.0 1.0 1.0 1.0 1.0 1.0 1.0
1.00000244111 1.00000101741 1.00000067289 1.00000127495 1.0000015274 1.00000140559 1.00000073911 1.00000061681 1.00000015607 1.00000031374
1.05969295278 1.11937910318 1.0621080175 1.0166140534 1.00485218596 1.00197133492 1.00120374688 1.00066332775 1.00098361692 1.00156305672
1.35729068518 1.69375908375 1.28011614084 1.08136296272 1.02912383713 1.00704927929 1.00177810318 1.00150691776 1.00113844103 1.00157662015
1.77397274971 2.43010473251 1.73254215717 1.17065514624 1.04228286073 1.01842721365 1.01175075863 1.00668754475 1.00093673292 1.00146667112
2.2657995224 3.84840297699 2.40633440018 1.46359422803 1.10108566284 1.04796338454 1.01575723104 1.00889206491 1.0011768851 1.0025105665
3.16969251633 4.78261351585 3.81406331062 1.68178409338 1.17945218086 1.09105896205 1.03841473535 1.03743134066 1.00239187782 1.00192469056
4.65971660614 6.93792724609 4.64842557907 1.80318117142 1.34639769793 1.20285187662 1.07931359112 1.09357950836 1.00774445524 1.00154717057
5.29824542999 8.77526807785 6.02583408356 2.10808980465 1.35788321495 1.22406347096 1.21296058595 1.08593523502 1.00557786878 1.00441449787
3.93901658058 7.37594842911 6.19321680069 2.2168006897 1.41449323297 1.15372259915 1.06803100556 1.05159970745 1.00655461149 1.00337071763
1.0 1.0 1.0 1.0 1.0 1.0 1.0 1.0 1.0 1.0
1.0 1.0 1.0 1.0 1.0 1.0 1.0 1.0 1.0 1.0
1.00000041113 1.0000000884 1.00000010072 1.00000013094 1.00000009143 1.00000005801 1.00000002707 1.00000002182 1.00000000547 1.00000001143
1.18354791403 1.3052636981 1.2606202364 1.1163020432 1.00462593138 1.006462391 1.00676362263 1.08384931833 1.02612773888 1.01642717049
1.83122420311 2.51245582104 2.17906081676 1.60395991802 1.03024477325 1.02125814185 1.05197481066 1.66333568096 1.05831701681 1.01823664643
2.42835915089 3.72511339188 2.96582448483 2.25067615509 1.43555951118 1.15947805345 1.18352943659 2.11685025692 1.07611645013 1.0146653913
3.45033717155 5.1860203743 4.41934990883 2.9792098999 1.43657842278 1.29589504004 1.23280078173 1.94054496288 1.02829870395 1.03148569912
4.52738189697 6.3385310173 5.22056913376 4.03252983093 1.71463924646 1.17601767182 1.19802486897 2.535982728 1.11271329224 1.04185179621
5.33092832565 7.45480775833 6.03228998184 3.61938524246 1.82464307547 1.26067295671 1.26548749208 3.30337524414 1.19752991199 1.05969770998
5.85988855362 8.96742582321 6.43046522141 4.04083871841 2.37003600597 1.37902262807 1.51958906651 6.01472425461 1.17582032084 1.12603096664
5.83277750015 9.7073059082 6.50599241257 2.99236226082 1.68479830027 1.60934722424 1.73899525404 9.52803897858 1.36627700925 1.12186107039
5.41578054428 10.4988689423 7.27691221237 3.24753832817 2.67434442043 3.10877370834 5.19810771942 7.28339195251 1.10511087626 1.06597720832
3.56756639481 5.83976888657 3.21844100952 2.70144462585 2.01413345337 1.48114320636 1.09642793238 1.02630248852 1.00427169539 1.00848494656
1.01799994707 1.01559322793 1.0050616134 1.00121691683 1.00070995744 1.00062030449 1.00246469676 1.19569636881 1.31873941422 1.30340251327
1.02609496005 1.025920894 1.00645081326 1.00206349557 1.00100773631 1.002371029 1.00811933167 1.08709970862 2.01864945889 4.54790282249
1.0459959507 1.03643682972 1.00986103062 1.00278460979 1.0011254251 1.00185158791 1.00595520344 1.32420584559 3.27446842194 4.79389882088
1.06852570921 1.05565987155 1.01339812018 1.00352010783 1.00229839212 1.00367728621 1.00568761909 1.23283189535 3.35697793961 8.16497516632
1.14779743552 1.15894201398 1.07785990089 1.023913702 1.01290454902 1.00814995822 1.01425146218 1.33398920298 3.87686371803 7.49520158768
1.44860783219 1.71026045084 1.28908672929 1.0964577347 1.04181907326 1.02008176222 1.02457710914 1.54220545292 4.51264357567 5.88444232941
1.84227740765 2.43822646141 1.74298912287 1.1968960464 1.06959362328 1.05585416034 1.04816847667 1.81000798941 4.73243355751 6.27768754959
2.33623218536 3.90819621086 2.41325342655 1.48569434881 1.11896815151 1.04369863123 1.04570850357 2.42850422859 4.71746587753 4.14097118378
3.25443410873 4.88305330276 3.81979417801 1.71633958817 1.20692066848 1.13394334912 1.15600833297 3.78210091591 4.93198466301 2.60792350769
4.68835258484 6.95117616653 4.62169551849 1.81813818216 1.36880818009 1.27995151281 1.47634384036 6.7409787178 3.11910963058 1.55404007435
5.28796052933 8.8750333786 6.09920978546 2.24560022354 1.68857830763 2.05849540234 1.81206083298 6.97184801102 1.69027882814 1.42284369469
7.08207416534 13.1298160553 10.1290779114 9.4688243866 7.84433698654 5.47154712677 2.55010139942 1.36370143294 1.063776806 1.04499501735
1.0 1.0 1.0 1.0 1.0 1.0 1.0 1.0 1.0 1.0
1.0 1.0 1.0 1.0 1.0 1.0 1.0 1.0 1.0 1.0
1.0 1.0 1.0 1.0 1.0 1.0 1.0 1.0 1.0 1.0
1.0 1.0 1.0 1.0 1.0 1.0 1.0 1.0 1.0 1.0
1.0031472072 1.00593121862 1.00294499774 1.00085327157 1.000337665 1.00025097703 1.00007488816 1.00050218159 1.00028616848 1.00055155583
1.19222871959 1.36727315187 1.18089705706 1.05262646452 1.01186547242 1.00349058723 1.00341749098 1.00104910322 1.00105764961 1.00151835161
1.61395734549 2.17999124527 1.5810007453 1.12616750598 1.04621893913 1.01610385813 1.00262772175 1.00378591754 1.00098632008 1.00158012542
2.01721096039 3.10572099686 2.1389400959 1.31906998158 1.07725910097 1.03078074008 1.0154060144 1.00843246467 1.00147755397 1.00157319172
2.53707909584 4.10225605965 2.60364794731 1.51907873154 1.09097711742 1.07081463188 1.02003299072 1.00848599803 1.00302807498 1.00226799189
3.7881102562 5.71402931213 3.8803050518 1.80091267824 1.22654820979 1.08173914254 1.08513314277 1.06037260592 1.00329114799 1.00196208805
5.08470821381 7.99230766296 5.08602285385 2.10291683674 1.29247617722 1.23733229935 1.13399399817 1.05437360331 1.00996947102 1.00144956878
5.31333208084 10.1737346649 7.40689849854 2.49349761009 1.40440186858 1.20923623443 1.10378483683 1.04717540741 1.00582859898 1.00356066017
1.60174834728 2.37493503094 2.10078930855 1.43450862169 1.10629405826 1.03754175454 1.0046126605 1.00986722857 1.00122645916 1.00408538897
1.01798705757 1.01558070071 1.00506241759 1.00121481973 1.00070854841 1.0006274847 1.00247431803 1.19543635845 1.31724965572 1.29972377419
1.0260723494 1.02590252459 1.00645030709 1.00206610421 1.00100756774 1.00235642213 1.00810868759 1.0876153782 2.01857495308 4.54406261444
1.04598570243 1.03640598804 1.00985927973 1.00278461305 1.00111993833 1.00184648717 1.00592910824 1.32414254546 3.27329349518 4.81057095528
1.0684723109 1.05559791625 1.01338776294 1.00351636787 1.00229329709 1.00366119645 1.0056960294 1.2322884798 3.35560703278 8.16809940338
1.14756245911 1.15836623311 1.07754515857 1.02385799028 1.01285165362 1.00820364524 1.01435976103 1.33290329576 3.87481164932 7.4780664444
1.44820132852 1.70933115482 1.2888533771 1.09635298699 1.04177235812 1.02002614178 1.02462632954 1.54113489389 4.51138949394 5.90773916245
1.84196591377 2.43782126904 1.74278497696 1.19674044847 1.06951325387 1.05572815239 1.04787516594 1.81010347605 4.73370146751 6.29634666443
2.33567976952 3.90696525574 2.41320383549 1.48584970832 1.11904361844 1.0435988754 1.04546495155 2.42877936363 4.71666955948 4.15136671066
3.25325512886 4.88254618645 3.81808447838 1.71594101191 1.20661625266 1.13395123184 1.15581357479 3.77865624428 4.93178272247 2.60928988457
4.68644618988 6.94899129868 4.61957406998 1.81753605604 1.36869063973 1.27975201607 1.47513723373 6.73646736145 3.12363195419 1.55376416445
5.28685903549 8.87122821808 6.09630823135 2.24474275112 1.68608617783 2.05427312851 1.81114143133 6.98501634598 1.69363486767 1.42262214422
7.08387851715 13.133395195 10.1362915039 9.47275543213 7.84872102737 5.48167896271 2.55305528641 1.36496391892 1.06405121833 1.04538673162
1.0 1.0 1.0 1.0 1.0 1.0 1.0 1.0 1.0 1.0
1.00000041113 1.0000000884 1.00000010072 1.00000013094 1.00000009143 1.00000005801 1.00000002707 1.00000002182 1.00000000547 1.00000001143
1.18354791403 1.3052636981 1.2606202364 1.1163020432 1.00462593138 1.006462391 1.00676362263 1.08384931833 1.02612773888 1.01642717049
1.83122420311 2.51245582104 2.17906081676 1.60395991802 1.03024477325 1.02125814185 1.05197481066 1.66333568096 1.05831701681 1.01823664643
2.42835915089 3.72511339188 2.96582448483 2.25067615509 1.43555951118 1.15947805345 1.18352943659 2.11685025692 1.07611645013 1.0146653913
3.45033717155 5.1860203743 4.41934990883 2.9792098999 1.43657842278 1.29589504004 1.23280078173 1.94054496288 1.02829870395 1.03148569912
4.52738189697 6.3385310173 5.22056913376 4.03252983093 1.71463924646 1.17601767182 1.19802486897 2.535982728 1.11271329224 1.04185179621
5.33092832565 7.45480775833 6.03228998184 3.61938524246 1.82464307547 1.26067295671 1.26548749208 3.30337524414 1.19752991199 1.05969770998
5.85988855362 8.96742582321 6.43046522141 4.04083871841 2.37003600597 1.37902262807 1.51958906651 6.01472425461 1.17582032084 1.12603096664
5.83277750015 9.7073059082 6.50599241257 2.99236226082 1.68479830027 1.60934722424 1.73899525404 9.52803897858 1.36627700925 1.12186107039
5.41578054428 10.4988689423 7.27691221237 3.24753832817 2.67434442043 3.10877370834 5.19810771942 7.28339195251 1.10511087626 1.06597720832
3.56753277779 5.83982610703 3.21843314171 2.701431036 2.01413536072 1.48115259409 1.09640229493 1.02580767311 1.00557295419 1.00796590652
1.0 1.0 1.0 1.0 1.0 1.0 1.0 1.0 1.0 1.0
1.0 1.0 1.0 1.0 1.0 1.0 1.0 1.0 1.0 1.0
1.0 1.0 1.0 1.0 1.0 1.0 1.0 1.0 1.0 1.0
1.00000259736 1.0000010863 1.00000072232 1.00000136096 1.00000162787 1.00000153072 1.00000081198 1.00000067941 1.00000017204 1.00000034583
1.05997093767 1.11994725466 1.06244307756 1.01668618061 1.00487016561 1.0019789692 1.00121266174 1.00066328747 1.00098475127 1.00156780577
1.35777842999 1.69483596087 1.28034690022 1.08141780645 1.02917710133 1.00708185183 1.00177770958 1.00150833093 1.00113978179 1.00158118748
1.77438253164 2.43058586121 1.73277050257 1.17073135078 1.04231808707 1.01844648458 1.01178149041 1.00669807661 1.00093649304 1.00146785553
2.26638936996 3.84985780716 2.40638542175 1.46360808611 1.1010479182 1.04807049036 1.0157656949 1.00889124162 1.00117276923 1.0025165719
3.17101740837 4.78330039978 3.81576108932 1.68245691061 1.17978702486 1.09105306864 1.03857120872 1.03748690337 1.00239771605 1.00192690652
4.6615884304 6.94024372101 4.65061473846 1.80385786295 1.34633669257 1.20289590955 1.07936374843 1.09353902936 1.00775791844 1.00154011545
5.29973697662 8.77753353119 6.02884483337 2.1085408926 1.35837325454 1.2238817215 1.21282349527 1.08588267863 1.00555589143 1.00441008387
3.93209147453 7.36436319351 6.18257141113 2.21597361565 1.41389065981 1.15340675414 1.06785950065 1.05157541484 1.00654246984 1.00336389663
1.0 1.0 1.0 1.0 1.0 1.0 1.0 1.0 1.0 1.0
1.0 1.0 1.0 1.0 1.0 1.0 1.0 1.0 1.0 1.0
1.0 1.0 1.0 1.0 1.0 1.0 1.0 1.0 1.0 1.0
1.0 1.0 1.0 1.0 1.0 1.0 1.0 1.0 1.0 1.0
1.0031472072 1.00593121862 1.00294499774 1.00085327157 1.000337665 1.00025097703 1.00007488816 1.00050218159 1.00028616848 1.00055155583
1.19222871959 1.36727315187 1.18089705706 1.05262646452 1.01186547242 1.00349058723 1.00341749098 1.00104910322 1.00105764961 1.00151835161
1.61395734549 2.17999124527 1.5810007453 1.12616750598 1.04621893913 1.01610385813 1.00262772175 1.00378591754 1.00098632008 1.00158012542
2.01721096039 3.10572099686 2.1389400959 1.31906998158 1.07725910097 1.03078074008 1.0154060144 1.00843246467 1.00147755397 1.00157319172
2.53707909584 4.10225605965 2.60364794731 1.51907873154 1.09097711742 1.07081463188 1.02003299072 1.00848599803 1.00302807498 1.00226799189
3.7881102562 5.71402931213 3.8803050518 1.80091267824 1.22654820979 1.08173914254 1.08513314277 1.06037260592 1.00329114799 1.00196208805
5.08470821381 7.99230766296 5.08602285385 2.10291683674 1.29247617722 1.23733229935 1.13399399817 1.05437360331 1.00996947102 1.00144956878
5.31333208084 10.1737346649 7.40689849854 2.49349761009 1.40440186858 1.20923623443 1.10378483683 1.04717540741 1.00582859898 1.00356066017
1.60170519352 2.37500679493 2.10078251362 1.43449550867 1.10630130023 1.03752852231 1.00459653651 1.00939738937 1.00141362671 1.00136444636
1.0 1.0 1.0 1.0 1.0 1.0 1.0 1.0 1.0 1.0
1.0 1.0 1.0 1.0 1.0 1.0 1.0 1.0 1.0 1.0
1.0 1.0 1.0 1.0 1.0 1.0 1.0 1.0 1.0 1.0
1.00000244111 1.00000101741 1.00000067289 1.00000127495 1.0000015274 1.00000140559 1.00000073911 1.00000061681 1.00000015607 1.00000031374
1.05969295278 1.11937910318 1.0621080175 1.0166140534 1.00485218596 1.00197133492 1.00120374688 1.00066332775 1.00098361692 1.00156305672
1.35729068518 1.69375908375 1.28011614084 1.08136296272 1.02912383713 1.00704927929 1.00177810318 1.00150691776 1.00113844103 1.00157662015
1.77397274971 2.43010473251 1.73254215717 1.17065514624 1.04228286073 1.01842721365 1.01175075863 1.00668754475 1.00093673292 1.00146667112
2.2657995224 3.84840297699 2.40633440018 1.46359422803 1.10108566284 1.04796338454 1.01575723104 1.00889206491 1.0011768851 1.0025105665
3.16969251633 4.78261351585 3.81406331062 1.68178409338 1.17945218086 1.09105896205 1.03841473535 1.03743134066 1.00239187782 1.00192469056
4.65971660614 6.93792724609 4.64842557907 1.80318117142 1.34639769793 1.20285187662 1.07931359112 1.09357950836 1.00774445524 1.00154717057
5.29824542999 8.77526807785 6.02583408356 2.10808980465 1.35788321495 1.22406347096 1.21296058595 1.08593523502 1.00557786878 1.00441449787
3.93901658058 7.37594842911 6.19321680069 2.2168006897 1.41449323297 1.15372259915 1.06803100556 1.05159970745 1.00655461149 1.00337071763
1.0 1.0 1.0 1.0 1.0 1.0 1.0 1.0 1.0 1.0
1.0 1.0 1.0 1.0 1.0 1.0 1.0 1.0 1.0 1.0
1.00000041113 1.0000000884 1.00000010072 1.00000013094 1.00000009143 1.00000005801 1.00000002707 1.00000002182 1.00000000547 1.00000001143
1.18354791403 1.3052636981 1.2606202364 1.1163020432 1.00462593138 1.006462391 1.00676362263 1.08384931833 1.02612773888 1.01642717049
1.83122420311 2.51245582104 2.17906081676 1.60395991802 1.03024477325 1.02125814185 1.05197481066 1.66333568096 1.05831701681 1.01823664643
2.42835915089 3.72511339188 2.96582448483 2.25067615509 1.43555951118 1.15947805345 1.18352943659 2.11685025692 1.07611645013 1.0146653913
3.45033717155 5.1860203743 4.41934990883 2.9792098999 1.43657842278 1.29589504004 1.23280078173 1.94054496288 1.02829870395 1.03148569912
4.52738189697 6.3385310173 5.22056913376 4.03252983093 1.71463924646 1.17601767182 1.19802486897 2.535982728 1.11271329224 1.04185179621
5.33092832565 7.45480775833 6.03228998184 3.61938524246 1.82464307547 1.26067295671 1.26548749208 3.30337524414 1.19752991199 1.05969770998
5.85988855362 8.96742582321 6.43046522141 4.04083871841 2.37003600597 1.37902262807 1.51958906651 6.01472425461 1.17582032084 1.12603096664
5.83277750015 9.7073059082 6.50599241257 2.99236226082 1.68479830027 1.60934722424 1.73899525404 9.52803897858 1.36627700925 1.12186107039
5.41578054428 10.4988689423 7.27691221237 3.24753832817 2.67434442043 3.10877370834 5.19810771942 7.28339195251 1.10511087626 1.06597720832
3.56756639481 5.83976888657 3.21844100952 2.70144462585 2.01413345337 1.48114320636 1.09642793238 1.02630248852 1.00427169539 1.00848494656
1.01799994707 1.01559322793 1.0050616134 1.00121691683 1.00070995744 1.00062030449 1.00246469676 1.19569636881 1.31873941422 1.30340251327
1.02609496005 1.025920894 1.00645081326 1.00206349557 1.00100773631 1.002371029 1.00811933167 1.08709970862 2.01864945889 4.54790282249
1.0459959507 1.03643682972 1.00986103062 1.00278460979 1.0011254251 1.00185158791 1.00595520344 1.32420584559 3.27446842194 4.79389882088
1.06852570921 1.05565987155 1.01339812018 1.00352010783 1.00229839212 1.00367728621 1.00568761909 1.23283189535 3.35697793961 8.16497516632
1.14779743552 1.15894201398 1.07785990089 1.023913702 1.01290454902 1.00814995822 1.01425146218 1.33398920298 3.87686371803 7.49520158768
1.44860783219 1.71026045084 1.28908672929 1.0964577347 1.04181907326 1.02008176222 1.02457710914 1.54220545292 4.51264357567 5.88444232941
1.84227740765 2.43822646141 1.74298912287 1.1968960464 1.06959362328 1.05585416034 1.04816847667 1.81000798941 4.73243355751 6.27768754959
2.33623218536 3.90819621086 2.41325342655 1.48569434881 1.11896815151 1.04369863123 1.04570850357 2.42850422859 4.71746587753 4.14097118378
3.25443410873 4.88305330276 3.81979417801 1.71633958817 1.20692066848 1.13394334912 1.15600833297 3.78210091591 4.93198466301 2.60792350769
4.68835258484 6.95117616653 4.62169551849 1.81813818216 1.36880818009 1.27995151281 1.47634384036 6.7409787178 3.11910963058 1.55404007435
5.28796052933 8.8750333786 6.09920978546 2.24560022354 1.68857830763 2.05849540234 1.81206083298 6.97184801102 1.69027882814 1.42284369469
7.08207416534 13.1298160553 10.1290779114 9.4688243866 7.84433698654 5.47154712677 2.55010139942 1.36370143294 1.063776806 1.04499501735
1.0 1.0 1.0 1.0 1.0 1.0 1.0 1.0 1.0 1.0
1.0 1.0 1.0 1.0 1.0 1.0 1.0 1.0 1.0 1.0
1.0 1.0 1.0 1.0 1.0 1.0 1.0 1.0 1.0 1.0
1.0 1.0 1.0 1.0 1.0 1.0 1.0 1.0 1.0 1.0
1.0031472072 1.00593121862 1.00294499774 1.00085327157 1.000337665 1.00025097703 1.00007488816 1.00050218159 1.00028616848 1.00055155583
1.19222871959 1.36727315187 1.18089705706 1.05262646452 1.01186547242 1.00349058723 1.00341749098 1.00104910322 1.00105764961 1.00151835161
1.61395734549 2.17999124527 1.5810007453 1.12616750598 1.04621893913 1.01610385813 1.00262772175 1.00378591754 1.00098632008 1.00158012542
2.01721096039 3.10572099686 2.1389400959 1.31906998158 1.07725910097 1.03078074008 1.0154060144 1.00843246467 1.00147755397 1.00157319172
2.53707909584 4.10225605965 2.60364794731 1.51907873154 1.09097711742 1.07081463188 1.02003299072 1.00848599803 1.00302807498 1.00226799189
3.7881102562 5.71402931213 3.8803050518 1.80091267824 1.22654820979 1.08173914254 1.08513314277 1.06037260592 1.00329114799 1.00196208805
5.08470821381 7.99230766296 5.08602285385 2.10291683674 1.29247617722 1.23733229935 1.13399399817 1.05437360331 1.00996947102 1.00144956878
5.31333208084 10.1737346649 7.40689849854 2.49349761009 1.40440186858 1.20923623443 1.10378483683 1.04717540741 1.00582859898 1.00356066017
1.60174834728 2.37493503094 2.10078930855 1.43450862169 1.10629405826 1.03754175454 1.0046126605 1.00986722857 1.00122645916 1.00408538897
1.01798705757 1.01558070071 1.00506241759 1.00121481973 1.00070854841 1.0006274847 1.00247431803 1.19543635845 1.31724965572 1.29972377419
1.0260723494 1.02590252459 1.00645030709 1.00206610421 1.00100756774 1.00235642213 1.00810868759 1.0876153782 2.01857495308 4.54406261444
1.04598570243 1.03640598804 1.00985927973 1.00278461305 1.00111993833 1.00184648717 1.00592910824 1.32414254546 3.27329349518 4.81057095528
1.0684723109 1.05559791625 1.01338776294 1.00351636787 1.00229329709 1.00366119645 1.0056960294 1.2322884798 3.35560703278 8.16809940338
1.14756245911 1.15836623311 1.07754515857 1.02385799028 1.01285165362 1.00820364524 1.01435976103 1.33290329576 3.87481164932 7.4780664444
1.44820132852 1.70933115482 1.2888533771 1.09635298699 1.04177235812 1.02002614178 1.02462632954 1.54113489389 4.51138949394 5.90773916245
1.84196591377 2.43782126904 1.74278497696 1.19674044847 1.06951325387 1.05572815239 1.04787516594 1.81010347605 4.73370146751 6.29634666443
2.33567976952 3.90696525574 2.41320383549 1.48584970832 1.11904361844 1.0435988754 1.04546495155 2.42877936363 4.71666955948 4.15136671066
4.68644618988 6.94899129868 4.61957406998 1.81753605604 1.36869063973 1.27975201607 1.47513723373 6.73646736145 3.12363195419 1.55376416445
5.28685903549 8.87122821808 6.09630823135 2.24474275112 1.68608617783 2.05427312851 1.81114143133 6.98501634598 1.69363486767 1.42262214422
7.08387851715 13.133395195 10.1362915039 9.47275543213 7.84872102737 5.48167896271 2.55305528641 1.36496391892 1.06405121833 1.04538673162
1.0 1.0 1.0 1.0 1.0 1.0 1.0 1.0 1.0 1.0
1.0 1.0 1.0 1.0 1.0 1.0 1.0 1.0 1.0 1.0
1.00000041113 1.0000000884 1.00000010072 1.00000013094 1.00000009143 1.00000005801 1.00000002707 1.00000002182 1.00000000547 1.00000001143
1.18354791403 1.3052636981 1.2606202364 1.1163020432 1.00462593138 1.006462391 1.00676362263 1.08384931833 1.02612773888 1.01642717049
1.83122420311 2.51245582104 2.17906081676 1.60395991802 1.03024477325 1.02125814185 1.05197481066 1.66333568096 1.05831701681 1.01823664643
2.42835915089 3.72511339188 2.96582448483 2.25067615509 1.43555951118 1.15947805345 1.18352943659 2.11685025692 1.07611645013 1.0146653913
3.45033717155 5.1860203743 4.41934990883 2.9792098999 1.43657842278 1.29589504004 1.23280078173 1.94054496288 1.02829870395 1.03148569912
4.52738189697 6.3385310173 5.22056913376 4.03252983093 1.71463924646 1.17601767182 1.19802486897 2.535982728 1.11271329224 1.04185179621
5.33092832565 7.45480775833 6.03228998184 3.61938524246 1.82464307547 1.26067295671 1.26548749208 3.30337524414 1.19752991199 1.05969770998
5.85988855362 8.96742582321 6.43046522141 4.04083871841 2.37003600597 1.37902262807 1.51958906651 6.01472425461 1.17582032084 1.12603096664
5.83277750015 9.7073059082 6.50599241257 2.99236226082 1.68479830027 1.60934722424 1.73899525404 9.52803897858 1.36627700925 1.12186107039
5.41578054428 10.4988689423 7.27691221237 3.24753832817 2.67434442043 3.10877370834 5.19810771942 7.28339195251 1.10511087626 1.06597720832
3.56753277779 5.83982610703 3.21843314171 2.701431036 2.01413536072 1.48115259409 1.09640229493 1.02580767311 1.00557295419 1.00796590652
1.0 1.0 1.0 1.0 1.0 1.0 1.0 1.0 1.0 1.0
1.0 1.0 1.0 1.0 1.0 1.0 1.0 1.0 1.0 1.0
1.0 1.0 1.0 1.0 1.0 1.0 1.0 1.0 1.0 1.0
1.00000259736 1.0000010863 1.00000072232 1.00000136096 1.00000162787 1.00000153072 1.00000081198 1.00000067941 1.00000017204 1.00000034583
1.05997093767 1.11994725466 1.06244307756 1.01668618061 1.00487016561 1.0019789692 1.00121266174 1.00066328747 1.00098475127 1.00156780577
1.35777842999 1.69483596087 1.28034690022 1.08141780645 1.02917710133 1.00708185183 1.00177770958 1.00150833093 1.00113978179 1.00158118748
1.77438253164 2.43058586121 1.73277050257 1.17073135078 1.04231808707 1.01844648458 1.01178149041 1.00669807661 1.00093649304 1.00146785553
2.26638936996 3.84985780716 2.40638542175 1.46360808611 1.1010479182 1.04807049036 1.0157656949 1.00889124162 1.00117276923 1.0025165719
3.17101740837 4.78330039978 3.81576108932 1.68245691061 1.17978702486 1.09105306864 1.03857120872 1.03748690337 1.00239771605 1.00192690652
4.6615884304 6.94024372101 4.65061473846 1.80385786295 1.34633669257 1.20289590955 1.07936374843 1.09353902936 1.00775791844 1.00154011545
5.29973697662 8.77753353119 6.02884483337 2.1085408926 1.35837325454 1.2238817215 1.21282349527 1.08588267863 1.00555589143 1.00441008387
3.93209147453 7.36436319351 6.18257141113 2.21597361565 1.41389065981 1.15340675414 1.06785950065 1.05157541484 1.00654246984 1.00336389663
1.0 1.0 1.0 1.0 1.0 1.0 1.0 1.0 1.0 1.0
1.0 1.0 1.0 1.0 1.0 1.0 1.0 1.0 1.0 1.0
1.0 1.0 1.0 1.0 1.0 1.0 1.0 1.0 1.0 1.0
1.0 1.0 1.0 1.0 1.0 1.0 1.0 1.0 1.0 1.0
1.0031472072 1.00593121862 1.00294499774 1.00085327157 1.000337665 1.00025097703 1.00007488816 1.00050218159 1.00028616848 1.00055155583
1.19222871959 1.36727315187 1.18089705706 1.05262646452 1.01186547242 1.00349058723 1.00341749098 1.00104910322 1.00105764961 1.00151835161
1.61395734549 2.17999124527 1.5810007453 1.12616750598 1.04621893913 1.01610385813 1.00262772175 1.00378591754 1.00098632008 1.00158012542
2.01721096039 3.10572099686 2.1389400959 1.31906998158 1.07725910097 1.03078074008 1.0154060144 1.00843246467 1.00147755397 1.00157319172
2.53707909584 4.10225605965 2.60364794731 1.51907873154 1.09097711742 1.07081463188 1.02003299072 1.00848599803 1.00302807498 1.00226799189
3.7881102562 5.71402931213 3.8803050518 1.80091267824 1.22654820979 1.08173914254 1.08513314277 1.06037260592 1.00329114799 1.00196208805
5.08470821381 7.99230766296 5.08602285385 2.10291683674 1.29247617722 1.23733229935 1.13399399817 1.05437360331 1.00996947102 1.00144956878
5.31333208084 10.1737346649 7.40689849854 2.49349761009 1.40440186858 1.20923623443 1.10378483683 1.04717540741 1.00582859898 1.00356066017
1.60170519352 2.37500679493 2.10078251362 1.43449550867 1.10630130023 1.03752852231 1.00459653651 1.00939738937 1.00141362671 1.00136444636
1.0 1.0 1.0 1.0 1.0 1.0 1.0 1.0 1.0 1.0
1.0 1.0 1.0 1.0 1.0 1.0 1.0 1.0 1.0 1.0
1.0 1.0 1.0 1.0 1.0 1.0 1.0 1.0 1.0 1.0
1.00000244111 1.00000101741 1.00000067289 1.00000127495 1.0000015274 1.00000140559 1.00000073911 1.00000061681 1.00000015607 1.00000031374
1.05969295278 1.11937910318 1.0621080175 1.0166140534 1.00485218596 1.00197133492 1.00120374688 1.00066332775 1.00098361692 1.00156305672
1.35729068518 1.69375908375 1.28011614084 1.08136296272 1.02912383713 1.00704927929 1.00177810318 1.00150691776 1.00113844103 1.00157662015
1.77397274971 2.43010473251 1.73254215717 1.17065514624 1.04228286073 1.01842721365 1.01175075863 1.00668754475 1.00093673292 1.00146667112
2.2657995224 3.84840297699 2.40633440018 1.46359422803 1.10108566284 1.04796338454 1.01575723104 1.00889206491 1.0011768851 1.0025105665
3.16969251633 4.78261351585 3.81406331062 1.68178409338 1.17945218086 1.09105896205 1.03841473535 1.03743134066 1.00239187782 1.00192469056
4.65971660614 6.93792724609 4.64842557907 1.80318117142 1.34639769793 1.20285187662 1.07931359112 1.09357950836 1.00774445524 1.00154717057
5.29824542999 8.77526807785 6.02583408356 2.10808980465 1.35788321495 1.22406347096 1.21296058595 1.08593523502 1.00557786878 1.00441449787
3.93901658058 7.37594842911 6.19321680069 2.2168006897 1.41449323297 1.15372259915 1.06803100556 1.05159970745 1.00655461149 1.00337071763
1.0 1.0 1.0 1.0 1.0 1.0 1.0 1.0 1.0 1.0
1.0 1.0 1.0 1.0 1.0 1.0 1.0 1.0 1.0 1.0
1.00000041113 1.0000000884 1.00000010072 1.00000013094 1.00000009143 1.00000005801 1.00000002707 1.00000002182 1.00000000547 1.00000001143
1.18354791403 1.3052636981 1.2606202364 1.1163020432 1.00462593138 1.006462391 1.00676362263 1.08384931833 1.02612773888 1.01642717049
1.83122420311 2.51245582104 2.17906081676 1.60395991802 1.03024477325 1.02125814185 1.05197481066 1.66333568096 1.05831701681 1.01823664643
2.42835915089 3.72511339188 2.96582448483 2.25067615509 1.43555951118 1.15947805345 1.18352943659 2.11685025692 1.07611645013 1.0146653913
3.45033717155 5.1860203743 4.41934990883 2.9792098999 1.43657842278 1.29589504004 1.23280078173 1.94054496288 1.02829870395 1.03148569912
4.52738189697 6.3385310173 5.22056913376 4.03252983093 1.71463924646 1.17601767182 1.19802486897 2.535982728 1.11271329224 1.04185179621
5.33092832565 7.45480775833 6.03228998184 3.61938524246 1.82464307547 1.26067295671 1.26548749208 3.30337524414 1.19752991199 1.05969770998
5.85988855362 8.96742582321 6.43046522141 4.04083871841 2.37003600597 1.37902262807 1.51958906651 6.01472425461 1.17582032084 1.12603096664
5.83277750015 9.7073059082 6.50599241257 2.99236226082 1.68479830027 1.60934722424 1.73899525404 9.52803897858 1.36627700925 1.12186107039
5.41578054428 10.4988689423 7.27691221237 3.24753832817 2.67434442043 3.10877370834 5.19810771942 7.28339195251 1.10511087626 1.06597720832
3.56756639481 5.83976888657 3.21844100952 2.70144462585 2.01413345337 1.48114320636 1.09642793238 1.02630248852 1.00427169539 1.00848494656
1.01799994707 1.01559322793 1.0050616134 1.00121691683 1.00070995744 1.00062030449 1.00246469676 1.19569636881 1.31873941422 1.30340251327
1.02609496005 1.025920894 1.00645081326 1.00206349557 1.00100773631 1.002371029 1.00811933167 1.08709970862 2.01864945889 4.54790282249
1.0459959507 1.03643682972 1.00986103062 1.00278460979 1.0011254251 1.00185158791 1.00595520344 1.32420584559 3.27446842194 4.79389882088
1.06852570921 1.05565987155 1.01339812018 1.00352010783 1.00229839212 1.00367728621 1.00568761909 1.23283189535 3.35697793961 8.16497516632
1.14779743552 1.15894201398 1.07785990089 1.023913702 1.01290454902 1.00814995822 1.01425146218 1.33398920298 3.87686371803 7.49520158768
1.44860783219 1.71026045084 1.28908672929 1.0964577347 1.04181907326 1.02008176222 1.02457710914 1.54220545292 4.51264357567 5.88444232941
1.84227740765 2.43822646141 1.74298912287 1.1968960464 1.06959362328 1.05585416034 1.04816847667 1.81000798941 4.73243355751 6.27768754959
2.33623218536 3.90819621086 2.41325342655 1.48569434881 1.11896815151 1.04369863123 1.04570850357 2.42850422859 4.71746587753 4.14097118378
3.25443410873 4.88305330276 3.81979417801 1.71633958817 1.20692066848 1.13394334912 1.15600833297 3.78210091591 4.93198466301 2.60792350769
4.68835258484 6.95117616653 4.62169551849 1.81813818216 1.36880818009 1.27995151281 1.47634384036 6.7409787178 3.11910963058 1.55404007435
5.28796052933 8.8750333786 6.09920978546 2.24560022354 1.68857830763 2.05849540234 1.81206083298 6.97184801102 1.69027882814 1.42284369469
7.08207416534 13.1298160553 10.1290779114 9.4688243866 7.84433698654 5.47154712677 2.55010139942 1.36370143294 1.063776806 1.04499501735
1.0 1.0 1.0 1.0 1.0 1.0 1.0 1.0 1.0 1.0
1.0 1.0 1.0 1.0 1.0 1.0 1.0 1.0 1.0 1.0
1.0 1.0 1.0 1.0 1.0 1.0 1.0 1.0 1.0 1.0
1.0031472072 1.00593121862 1.00294499774 1.00085327157 1.000337665 1.00025097703 1.00007488816 1.00050218159 1.00028616848 1.00055155583
1.19222871959 1.36727315187 1.18089705706 1.05262646452 1.01186547242 1.00349058723 1.00341749098 1.00104910322 1.00105764961 1.00151835161
1.61395734549 2.17999124527 1.5810007453 1.12616750598 1.04621893913 1.01610385813 1.00262772175 1.00378591754 1.00098632008 1.00158012542
2.01721096039 3.10572099686 2.1389400959 1.31906998158 1.07725910097 1.03078074008 1.0154060144 1.00843246467 1.00147755397 1.00157319172
2.53707909584 4.10225605965 2.60364794731 1.51907873154 1.09097711742 1.07081463188 1.02003299072 1.00848599803 1.00302807498 1.00226799189
3.7881102562 5.71402931213 3.8803050518 1.80091267824 1.22654820979 1.08173914254 1.08513314277 1.06037260592 1.00329114799 1.00196208805
5.08470821381 7.99230766296 5.08602285385 2.10291683674 1.29247617722 1.23733229935 1.13399399817 1.05437360331 1.00996947102 1.00144956878
5.31333208084 10.1737346649 7.40689849854 2.49349761009 1.40440186858 1.20923623443 1.10378483683 1.04717540741 1.00582859898 1.00356066017
1.60174834728 2.37493503094 2.10078930855 1.43450862169 1.10629405826 1.03754175454 1.0046126605 1.00986722857 1.00122645916 1.00408538897
1.01798705757 1.01558070071 1.00506241759 1.00121481973 1.00070854841 1.0006274847 1.00247431803 1.19543635845 1.31724965572 1.29972377419
1.0260723494 1.02590252459 1.00645030709 1.00206610421 1.00100756774 1.00235642213 1.00810868759 1.0876153782 2.01857495308 4.54406261444
1.04598570243 1.03640598804 1.00985927973 1.00278461305 1.00111993833 1.00184648717 1.00592910824 1.32414254546 3.27329349518 4.81057095528
1.0684723109 1.05559791625 1.01338776294 1.00351636787 1.00229329709 1.00366119645 1.0056960294 1.2322884798 3.35560703278 8.16809940338
1.14756245911 1.15836623311 1.07754515857 1.02385799028 1.01285165362 1.00820364524 1.01435976103 1.33290329576 3.87481164932 7.4780664444
1.44820132852 1.70933115482 1.2888533771 1.09635298699 1.04177235812 1.02002614178 1.02462632954 1.54113489389 4.51138949394 5.90773916245
1.84196591377 2.43782126904 1.74278497696 1.19674044847 1.06951325387 1.05572815239 1.04787516594 1.81010347605 4.73370146751 6.29634666443
2.33567976952 3.90696525574 2.41320383549 1.48584970832 1.11904361844 1.0435988754 1.04546495155 2.42877936363 4.71666955948 4.15136671066
3.25325512886 4.88254618645 3.81808447838 1.71594101191 1.20661625266 1.13395123184 1.15581357479 3.77865624428 4.93178272247 2.60928988457
4.68644618988 6.94899129868 4.61957406998 1.81753605604 1.36869063973 1.27975201607 1.47513723373 6.73646736145 3.12363195419 1.55376416445
5.28685903549 8.87122821808 6.09630823135 2.24474275112 1.68608617783 2.05427312851 1.81114143133 6.98501634598 1.69363486767 1.42262214422
7.08387851715 13.133395195 10.1362915039 9.47275543213 7.84872102737 5.48167896271 2.55305528641 1.36496391892 1.06405121833 1.04538673162
1.0 1.0 1.0 1.0 1.0 1.0 1.0 1.0 1.0 1.0
1.0 1.0 1.0 1.0 1.0 1.0 1.0 1.0 1.0 1.0
1.00000041113 1.0000000884 1.00000010072 1.00000013094 1.00000009143 1.00000005801 1.00000002707 1.00000002182 1.00000000547 1.00000001143
1.18354791403 1.3052636981 1.2606202364 1.1163020432 1.00462593138 1.006462391 1.00676362263 1.08384931833 1.02612773888 1.01642717049
1.83122420311 2.51245582104 2.17906081676 1.60395991802 1.03024477325 1.02125814185 1.05197481066 1.66333568096 1.05831701681 1.01823664643
2.42835915089 3.72511339188 2.96582448483 2.25067615509 1.43555951118 1.15947805345 1.18352943659 2.11685025692 1.07611645013 1.0146653913
3.45033717155 5.1860203743 4.41934990883 2.9792098999 1.43657842278 1.29589504004 1.23280078173 1.94054496288 1.02829870395 1.03148569912
4.52738189697 6.3385310173 5.22056913376 4.03252983093 1.71463924646 1.17601767182 1.19802486897 2.535982728 1.11271329224 1.04185179621
5.33092832565 7.45480775833 6.03228998184 3.61938524246 1.82464307547 1.26067295671 1.26548749208 3.30337524414 1.19752991199 1.05969770998
5.85988855362 8.96742582321 6.43046522141 4.04083871841 2.37003600597 1.37902262807 1.51958906651 6.01472425461 1.17582032084 1.12603096664
5.83277750015 9.7073059082 6.50599241257 2.99236226082 1.68479830027 1.60934722424 1.73899525404 9.52803897858 1.36627700925 1.12186107039
5.41578054428 10.4988689423 7.27691221237 3.24753832817 2.67434442043 3.10877370834 5.19810771942 7.28339195251 1.10511087626 1.06597720832
3.56753277779 5.83982610703 3.21843314171 2.701431036 2.01413536072 1.48115259409 1.09640229493 1.02580767311 1.00557295419 1.00796590652
1.0 1.0 1.0 1.0 1.0 1.0 1.0 1.0 1.0 1.0
1.0 1.0 1.0 1.0 1.0 1.0 1.0 1.0 1.0 1.0
1.0 1.0 1.0 1.0 1.0 1.0 1.0 1.0 1.0 1.0
1.00000259736 1.0000010863 1.00000072232 1.00000136096 1.00000162787 1.00000153072 1.00000081198 1.00000067941 1.00000017204 1.00000034583
1.05997093767 1.11994725466 1.06244307756 1.01668618061 1.00487016561 1.0019789692 1.00121266174 1.00066328747 1.00098475127 1.00156780577
1.35777842999 1.69483596087 1.28034690022 1.08141780645 1.02917710133 1.00708185183 1.00177770958 1.00150833093 1.00113978179 1.00158118748
1.77438253164 2.43058586121 1.73277050257 1.17073135078 1.04231808707 1.01844648458 1.01178149041 1.00669807661 1.00093649304 1.00146785553
2.26638936996 3.84985780716 2.40638542175 1.46360808611 1.1010479182 1.04807049036 1.0157656949 1.00889124162 1.00117276923 1.0025165719
3.17101740837 4.78330039978 3.81576108932 1.68245691061 1.17978702486 1.09105306864 1.03857120872 1.03748690337 1.00239771605 1.00192690652
4.6615884304 6.94024372101 4.65061473846 1.80385786295 1.34633669257 1.20289590955 1.07936374843 1.09353902936 1.00775791844 1.00154011545
5.29973697662 8.77753353119 6.02884483337 2.1085408926 1.35837325454 1.2238817215 1.21282349527 1.08588267863 1.00555589143 1.00441008387
3.93209147453 7.36436319351 6.18257141113 2.21597361565 1.41389065981 1.15340675414 1.06785950065 1.05157541484 1.00654246984 1.00336389663
1.0 1.0 1.0 1.0 1.0 1.0 1.0 1.0 1.0 1.0
1.0 1.0 1.0 1.0 1.0 1.0 1.0 1.0 1.0 1.0
1.0 1.0 1.0 1.0 1.0 1.0 1.0 1.0 1.0 1.0
1.0 1.0 1.0 1.0 1.0 1.0 1.0 1.0 1.0 1.0
1.0031472072 1.00593121862 1.00294499774 1.00085327157 1.000337665 1.00025097703 1.00007488816 1.00050218159 1.00028616848 1.00055155583
1.19222871959 1.36727315187 1.18089705706 1.05262646452 1.01186547242 1.00349058723 1.00341749098 1.00104910322 1.00105764961 1.00151835161
1.61395734549 2.17999124527 1.5810007453 1.12616750598 1.04621893913 1.01610385813 1.00262772175 1.00378591754 1.00098632008 1.00158012542
2.01721096039 3.10572099686 2.1389400959 1.31906998158 1.07725910097 1.03078074008 1.0154060144 1.00843246467 1.00147755397 1.00157319172
2.53707909584 4.10225605965 2.60364794731 1.51907873154 1.09097711742 1.07081463188 1.02003299072 1.00848599803 1.00302807498 1.00226799189
3.7881102562 5.71402931213 3.8803050518 1.80091267824 1.22654820979 1.08173914254 1.08513314277 1.06037260592 1.00329114799 1.00196208805
5.08470821381 7.99230766296 5.08602285385 2.10291683674 1.29247617722 1.23733229935 1.13399399817 1.05437360331 1.00996947102 1.00144956878
5.31333208084 10.1737346649 7.40689849854 2.49349761009 1.40440186858 1.20923623443 1.10378483683 1.04717540741 1.00582859898 1.00356066017
1.60170519352 2.37500679493 2.10078251362 1.43449550867 1.10630130023 1.03752852231 1.00459653651 1.00939738937 1.00141362671 1.00136444636
1.0 1.0 1.0 1.0 1.0 1.0 1.0 1.0 1.0 1.0
1.0 1.0 1.0 1.0 1.0 1.0 1.0 1.0 1.0 1.0
1.0 1.0 1.0 1.0 1.0 1.0 1.0 1.0 1.0 1.0
1.00000244111 1.00000101741 1.00000067289 1.00000127495 1.0000015274 1.00000140559 1.00000073911 1.00000061681 1.00000015607 1.00000031374
1.05969295278 1.11937910318 1.0621080175 1.0166140534 1.00485218596 1.00197133492 1.00120374688 1.00066332775 1.00098361692 1.00156305672
1.35729068518 1.69375908375 1.28011614084 1.08136296272 1.02912383713 1.00704927929 1.00177810318 1.00150691776 1.00113844103 1.00157662015
1.77397274971 2.43010473251 1.73254215717 1.17065514624 1.04228286073 1.01842721365 1.01175075863 1.00668754475 1.00093673292 1.00146667112
2.2657995224 3.84840297699 2.40633440018 1.46359422803 1.10108566284 1.04796338454 1.01575723104 1.00889206491 1.0011768851 1.0025105665
3.16969251633 4.78261351585 3.81406331062 1.68178409338 1.17945218086 1.09105896205 1.03841473535 1.03743134066 1.00239187782 1.00192469056
4.65971660614 6.93792724609 4.64842557907 1.80318117142 1.34639769793 1.20285187662 1.07931359112 1.09357950836 1.00774445524 1.00154717057
5.29824542999 8.77526807785 6.02583408356 2.10808980465 1.35788321495 1.22406347096 1.21296058595 1.08593523502 1.00557786878 1.00441449787
3.93901658058 7.37594842911 6.19321680069 2.2168006897 1.41449323297 1.15372259915 1.06803100556 1.05159970745 1.00655461149 1.00337071763
1.0 1.0 1.0 1.0 1.0 1.0 1.0 1.0 1.0 1.0
1.0 1.0 1.0 1.0 1.0 1.0 1.0 1.0 1.0 1.0
1.00000041113 1.0000000884 1.00000010072 1.00000013094 1.00000009143 1.00000005801 1.00000002707 1.00000002182 1.00000000547 1.00000001143
1.18354791403 1.3052636981 1.2606202364 1.1163020432 1.00462593138 1.006462391 1.00676362263 1.08384931833 1.02612773888 1.01642717049
1.83122420311 2.51245582104 2.17906081676 1.60395991802 1.03024477325 1.02125814185 1.05197481066 1.66333568096 1.05831701681 1.01823664643
2.42835915089 3.72511339188 2.96582448483 2.25067615509 1.43555951118 1.15947805345 1.18352943659 2.11685025692 1.07611645013 1.0146653913
3.45033717155 5.1860203743 4.41934990883 2.9792098999 1.43657842278 1.29589504004 1.23280078173 1.94054496288 1.02829870395 1.03148569912
4.52738189697 6.3385310173 5.22056913376 4.03252983093 1.71463924646 1.17601767182 1.19802486897 2.535982728 1.11271329224 1.04185179621
5.33092832565 7.45480775833 6.03228998184 3.61938524246 1.82464307547 1.26067295671 1.26548749208 3.30337524414 1.19752991199 1.05969770998
5.85988855362 8.96742582321 6.43046522141 4.04083871841 2.37003600597 1.37902262807 1.51958906651 6.01472425461 1.17582032084 1.12603096664
5.83277750015 9.7073059082 6.50599241257 2.99236226082 1.68479830027 1.60934722424 1.73899525404 9.52803897858 1.36627700925 1.12186107039
5.41578054428 10.4988689423 7.27691221237 3.24753832817 2.67434442043 3.10877370834 5.19810771942 7.28339195251 1.10511087626 1.06597720832
3.56756639481 5.83976888657 3.21844100952 2.70144462585 2.01413345337 1.48114320636 1.09642793238 1.02630248852 1.00427169539 1.00848494656
1.01799994707 1.01559322793 1.0050616134 1.00121691683 1.00070995744 1.00062030449 1.00246469676 1.19569636881 1.31873941422 1.30340251327
1.02609496005 1.025920894 1.00645081326 1.00206349557 1.00100773631 1.002371029 1.00811933167 1.08709970862 2.01864945889 4.54790282249
1.0459959507 1.03643682972 1.00986103062 1.00278460979 1.0011254251 1.00185158791 1.00595520344 1.32420584559 3.27446842194 4.79389882088
1.06852570921 1.05565987155 1.01339812018 1.00352010783 1.00229839212 1.00367728621 1.00568761909 1.23283189535 3.35697793961 8.16497516632
1.14779743552 1.15894201398 1.07785990089 1.023913702 1.01290454902 1.00814995822 1.01425146218 1.33398920298 3.87686371803 7.49520158768
1.44860783219 1.71026045084 1.28908672929 1.0964577347 1.04181907326 1.02008176222 1.02457710914 1.54220545292 4.51264357567 5.88444232941
1.84227740765 2.43822646141 1.74298912287 1.1968960464 1.06959362328 1.05585416034 1.04816847667 1.81000798941 4.73243355751 6.27768754959
2.33623218536 3.90819621086 2.41325342655 1.48569434881 1.11896815151 1.04369863123 1.04570850357 2.42850422859 4.71746587753 4.14097118378
3.25443410873 4.88305330276 3.81979417801 1.71633958817 1.20692066848 1.13394334912 1.15600833297 3.78210091591 4.93198466301 2.60792350769
4.68835258484 6.95117616653 4.62169551849 1.81813818216 1.36880818009 1.27995151281 1.47634384036 6.7409787178 3.11910963058 1.55404007435
5.28796052933 8.8750333786 6.09920978546 2.24560022354 1.68857830763 2.05849540234 1.81206083298 6.97184801102 1.69027882814 1.42284369469
7.08207416534 13.1298160553 10.1290779114 9.4688243866 7.84433698654 5.47154712677 2.55010139942 1.36370143294 1.063776806 1.04499501735
1.0 1.0 1.0 1.0 1.0 1.0 1.0 1.0 1.0 1.0
1.0 1.0 1.0 1.0 1.0 1.0 1.0 1.0 1.0 1.0
1.0 1.0 1.0 1.0 1.0 1.0 1.0 1.0 1.0 1.0
1.0 1.0 1.0 1.0 1.0 1.0 1.0 1.0 1.0 1.0
1.0031472072 1.00593121862 1.00294499774 1.00085327157 1.000337665 1.00025097703 1.00007488816 1.00050218159 1.00028616848 1.00055155583
1.19222871959 1.36727315187 1.18089705706 1.05262646452 1.01186547242 1.00349058723 1.00341749098 1.00104910322 1.00105764961 1.00151835161
1.61395734549 2.17999124527 1.5810007453 1.12616750598 1.04621893913 1.01610385813 1.00262772175 1.00378591754 1.00098632008 1.00158012542
2.01721096039 3.10572099686 2.1389400959 1.31906998158 1.07725910097 1.03078074008 1.0154060144 1.00843246467 1.00147755397 1.00157319172
2.53707909584 4.10225605965 2.60364794731 1.51907873154 1.09097711742 1.07081463188 1.02003299072 1.00848599803 1.00302807498 1.00226799189
3.7881102562 5.71402931213 3.8803050518 1.80091267824 1.22654820979 1.08173914254 1.08513314277 1.06037260592 1.00329114799 1.00196208805
5.08470821381 7.99230766296 5.08602285385 2.10291683674 1.29247617722 1.23733229935 1.13399399817 1.05437360331 1.00996947102 1.00144956878
5.31333208084 10.1737346649 7.40689849854 2.49349761009 1.40440186858 1.20923623443 1.10378483683 1.04717540741 1.00582859898 1.00356066017
1.60174834728 2.37493503094 2.10078930855 1.43450862169 1.10629405826 1.03754175454 1.0046126605 1.00986722857 1.00122645916 1.00408538897
1.01798705757 1.01558070071 1.00506241759 1.00121481973 1.00070854841 1.0006274847 1.00247431803 1.19543635845 1.31724965572 1.29972377419
1.0260723494 1.02590252459 1.00645030709 1.00206610421 1.00100756774 1.00235642213 1.00810868759 1.0876153782 2.01857495308 4.54406261444
1.04598570243 1.03640598804 1.00985927973 1.00278461305 1.00111993833 1.00184648717 1.00592910824 1.32414254546 3.27329349518 4.81057095528
1.0684723109 1.05559791625 1.01338776294 1.00351636787 1.00229329709 1.00366119645 1.0056960294 1.2322884798 3.35560703278 8.16809940338
1.14756245911 1.15836623311 1.07754515857 1.02385799028 1.01285165362 1.00820364524 1.01435976103 1.33290329576 3.87481164932 7.4780664444
1.84196591377 2.43782126904 1.74278497696 1.19674044847 1.06951325387 1.05572815239 1.04787516594 1.81010347605 4.73370146751 6.29634666443
2.33567976952 3.90696525574 2.41320383549 1.48584970832 1.11904361844 1.0435988754 1.04546495155 2.42877936363 4.71666955948 4.15136671066
3.25325512886 4.88254618645 3.81808447838 1.71594101191 1.20661625266 1.13395123184 1.15581357479 3.77865624428 4.93178272247 2.60928988457
4.68644618988 6.94899129868 4.61957406998 1.81753605604 1.36869063973 1.27975201607 1.47513723373 6.73646736145 3.12363195419 1.55376416445
5.28685903549 8.87122821808 6.09630823135 2.24474275112 1.68608617783 2.05427312851 1.81114143133 6.98501634598 1.69363486767 1.42262214422
7.08387851715 13.133395195 10.1362915039 9.47275543213 7.84872102737 5.48167896271 2.55305528641 1.36496391892 1.06405121833 1.04538673162
1.0 1.0 1.0 1.0 1.0 1.0 1.0 1.0 1.0 1.0
1.0 1.0 1.0 1.0 1.0 1.0 1.0 1.0 1.0 1.0
1.00000041113 1.0000000884 1.00000010072 1.00000013094 1.00000009143 1.00000005801 1.00000002707 1.00000002182 1.00000000547 1.00000001143
1.18354791403 1.3052636981 1.2606202364 1.1163020432 1.00462593138 1.006462391 1.00676362263 1.08384931833 1.02612773888 1.01642717049
1.83122420311 2.51245582104 2.17906081676 1.60395991802 1.03024477325 1.02125814185 1.05197481066 1.66333568096 1.05831701681 1.01823664643
2.42835915089 3.72511339188 2.96582448483 2.25067615509 1.43555951118 1.15947805345 1.18352943659 2.11685025692 1.07611645013 1.0146653913
3.45033717155 5.1860203743 4.41934990883 2.9792098999 1.43657842278 1.29589504004 1.23280078173 1.94054496288 1.02829870395 1.03148569912
4.52738189697 6.3385310173 5.22056913376 4.03252983093 1.71463924646 1.17601767182 1.19802486897 2.535982728 1.11271329224 1.04185179621
5.33092832565 7.45480775833 6.03228998184 3.61938524246 1.82464307547 1.26067295671 1.26548749208 3.30337524414 1.19752991199 1.05969770998
5.85988855362 8.96742582321 6.43046522141 4.04083871841 2.37003600597 1.37902262807 1.51958906651 6.01472425461 1.17582032084 1.12603096664
5.83277750015 9.7073059082 6.50599241257 2.99236226082 1.68479830027 1.60934722424 1.73899525404 9.52803897858 1.36627700925 1.12186107039
5.41578054428 10.4988689423 7.27691221237 3.24753832817 2.67434442043 3.10877370834 5.19810771942 7.28339195251 1.10511087626 1.06597720832
3.56753277779 5.83982610703 3.21843314171 2.701431036 2.01413536072 1.48115259409 1.09640229493 1.02580767311 1.00557295419 1.00796590652
1.0 1.0 1.0 1.0 1.0 1.0 1.0 1.0 1.0 1.0
1.0 1.0 1.0 1.0 1.0 1.0 1.0 1.0 1.0 1.0
1.0 1.0 1.0 1.0 1.0 1.0 1.0 1.0 1.0 1.0
1.00000259736 1.0000010863 1.00000072232 1.00000136096 1.00000162787 1.00000153072 1.00000081198 1.00000067941 1.00000017204 1.00000034583
1.05997093767 1.11994725466 1.06244307756 1.01668618061 1.00487016561 1.0019789692 1.00121266174 1.00066328747 1.00098475127 1.00156780577
1.35777842999 1.69483596087 1.28034690022 1.08141780645 1.02917710133 1.00708185183 1.00177770958 1.00150833093 1.00113978179 1.00158118748
1.77438253164 2.43058586121 1.73277050257 1.17073135078 1.04231808707 1.01844648458 1.01178149041 1.00669807661 1.00093649304 1.00146785553
2.26638936996 3.84985780716 2.40638542175 1.46360808611 1.1010479182 1.04807049036 1.0157656949 1.00889124162 1.00117276923 1.0025165719
3.17101740837 4.78330039978 3.81576108932 1.68245691061 1.17978702486 1.09105306864 1.03857120872 1.03748690337 1.00239771605 1.00192690652
4.6615884304 6.94024372101 4.65061473846 1.80385786295 1.34633669257 1.20289590955 1.07936374843 1.09353902936 1.00775791844 1.00154011545
5.29973697662 8.77753353119 6.02884483337 2.1085408926 1.35837325454 1.2238817215 1.21282349527 1.08588267863 1.00555589143 1.00441008387
3.93209147453 7.36436319351 6.18257141113 2.21597361565 1.41389065981 1.15340675414 1.06785950065 1.05157541484 1.00654246984 1.00336389663
1.0 1.0 1.0 1.0 1.0 1.0 1.0 1.0 1.0 1.0
1.0 1.0 1.0 1.0 1.0 1.0 1.0 1.0 1.0 1.0
1.0 1.0 1.0 1.0 1.0 1.0 1.0 1.0 1.0 1.0
1.0 1.0 1.0 1.0 1.0 1.0 1.0 1.0 1.0 1.0
1.0031472072 1.00593121862 1.00294499774 1.00085327157 1.000337665 1.00025097703 1.00007488816 1.00050218159 1.00028616848 1.00055155583
1.19222871959 1.36727315187 1.18089705706 1.05262646452 1.01186547242 1.00349058723 1.00341749098 1.00104910322 1.00105764961 1.00151835161
1.61395734549 2.17999124527 1.5810007453 1.12616750598 1.04621893913 1.01610385813 1.00262772175 1.00378591754 1.00098632008 1.00158012542
2.01721096039 3.10572099686 2.1389400959 1.31906998158 1.07725910097 1.03078074008 1.0154060144 1.00843246467 1.00147755397 1.00157319172
2.53707909584 4.10225605965 2.60364794731 1.51907873154 1.09097711742 1.07081463188 1.02003299072 1.00848599803 1.00302807498 1.00226799189
3.7881102562 5.71402931213 3.8803050518 1.80091267824 1.22654820979 1.08173914254 1.08513314277 1.06037260592 1.00329114799 1.00196208805
5.08470821381 7.99230766296 5.08602285385 2.10291683674 1.29247617722 1.23733229935 1.13399399817 1.05437360331 1.00996947102 1.00144956878
5.31333208084 10.1737346649 7.40689849854 2.49349761009 1.40440186858 1.20923623443 1.10378483683 1.04717540741 1.00582859898 1.00356066017
1.60170519352 2.37500679493 2.10078251362 1.43449550867 1.10630130023 1.03752852231 1.00459653651 1.00939738937 1.00141362671 1.00136444636
1.0 1.0 1.0 1.0 1.0 1.0 1.0 1.0 1.0 1.0
1.0 1.0 1.0 1.0 1.0 1.0 1.0 1.0 1.0 1.0
1.0 1.0 1.0 1.0 1.0 1.0 1.0 1.0 1.0 1.0
1.00000244111 1.00000101741 1.00000067289 1.00000127495 1.0000015274 1.00000140559 1.00000073911 1.00000061681 1.00000015607 1.00000031374
1.05969295278 1.11937910318 1.0621080175 1.0166140534 1.00485218596 1.00197133492 1.00120374688 1.00066332775 1.00098361692 1.00156305672
1.35729068518 1.69375908375 1.28011614084 1.08136296272 1.02912383713 1.00704927929 1.00177810318 1.00150691776 1.00113844103 1.00157662015
1.77397274971 2.43010473251 1.73254215717 1.17065514624 1.04228286073 1.01842721365 1.01175075863 1.00668754475 1.00093673292 1.00146667112
2.2657995224 3.84840297699 2.40633440018 1.46359422803 1.10108566284 1.04796338454 1.01575723104 1.00889206491 1.0011768851 1.0025105665
3.16969251633 4.78261351585 3.81406331062 1.68178409338 1.17945218086 1.09105896205 1.03841473535 1.03743134066 1.00239187782 1.00192469056
4.65971660614 6.93792724609 4.64842557907 1.80318117142 1.34639769793 1.20285187662 1.07931359112 1.09357950836 1.00774445524 1.00154717057
5.29824542999 8.77526807785 6.02583408356 2.10808980465 1.35788321495 1.22406347096 1.21296058595 1.08593523502 1.00557786878 1.00441449787
3.93901658058 7.37594842911 6.19321680069 2.2168006897 1.41449323297 1.15372259915 1.06803100556 1.05159970745 1.00655461149 1.00337071763
1.0 1.0 1.0 1.0 1.0 1.0 1.0 1.0 1.0 1.0
1.0 1.0 1.0 1.0 1.0 1.0 1.0 1.0 1.0 1.0
1.00000041113 1.0000000884 1.00000010072 1.00000013094 1.00000009143 1.00000005801 1.00000002707 1.00000002182 1.00000000547 1.00000001143
1.18354791403 1.3052636981 1.2606202364 1.1163020432 1.00462593138 1.006462391 1.00676362263 1.08384931833 1.02612773888 1.01642717049
1.83122420311 2.51245582104 2.17906081676 1.60395991802 1.03024477325 1.02125814185 1.05197481066 1.66333568096 1.05831701681 1.01823664643
2.42835915089 3.72511339188 2.96582448483 2.25067615509 1.43555951118 1.15947805345 1.18352943659 2.11685025692 1.07611645013 1.0146653913
3.45033717155 5.1860203743 4.41934990883 2.9792098999 1.43657842278 1.29589504004 1.23280078173 1.94054496288 1.02829870395 1.03148569912
4.52738189697 6.3385310173 5.22056913376 4.03252983093 1.71463924646 1.17601767182 1.19802486897 2.535982728 1.11271329224 1.04185179621
5.33092832565 7.45480775833 6.03228998184 3.61938524246 1.82464307547 1.26067295671 1.26548749208 3.30337524414 1.19752991199 1.05969770998
5.85988855362 8.96742582321 6.43046522141 4.04083871841 2.37003600597 1.37902262807 1.51958906651 6.01472425461 1.17582032084 1.12603096664
5.83277750015 9.7073059082 6.50599241257 2.99236226082 1.68479830027 1.60934722424 1.73899525404 9.52803897858 1.36627700925 1.12186107039
5.41578054428 10.4988689423 7.27691221237 3.24753832817 2.67434442043 3.10877370834 5.19810771942 7.28339195251 1.10511087626 1.06597720832
3.56756639481 5.83976888657 3.21844100952 2.70144462585 2.01413345337 1.48114320636 1.09642793238 1.02630248852 1.00427169539 1.00848494656
1.01799994707 1.01559322793 1.0050616134 1.00121691683 1.00070995744 1.00062030449 1.00246469676 1.19569636881 1.31873941422 1.30340251327
1.02609496005 1.025920894 1.00645081326 1.00206349557 1.00100773631 1.002371029 1.00811933167 1.08709970862 2.01864945889 4.54790282249
1.0459959507 1.03643682972 1.00986103062 1.00278460979 1.0011254251 1.00185158791 1.00595520344 1.32420584559 3.27446842194 4.79389882088
1.06852570921 1.05565987155 1.01339812018 1.00352010783 1.00229839212 1.00367728621 1.00568761909 1.23283189535 3.35697793961 8.16497516632
1.14779743552 1.15894201398 1.07785990089 1.023913702 1.01290454902 1.00814995822 1.01425146218 1.33398920298 3.87686371803 7.49520158768
1.44860783219 1.71026045084 1.28908672929 1.0964577347 1.04181907326 1.02008176222 1.02457710914 1.54220545292 4.51264357567 5.88444232941
1.84227740765 2.43822646141 1.74298912287 1.1968960464 1.06959362328 1.05585416034 1.04816847667 1.81000798941 4.73243355751 6.27768754959
2.33623218536 3.90819621086 2.41325342655 1.48569434881 1.11896815151 1.04369863123 1.04570850357 2.42850422859 4.71746587753 4.14097118378
3.25443410873 4.88305330276 3.81979417801 1.71633958817 1.20692066848 1.13394334912 1.15600833297 3.78210091591 4.93198466301 2.60792350769
4.68835258484 6.95117616653 4.62169551849 1.81813818216 1.36880818009 1.27995151281 1.47634384036 6.7409787178 3.11910963058 1.55404007435
5.28796052933 8.8750333786 6.09920978546 2.24560022354 1.68857830763 2.05849540234 1.81206083298 6.97184801102 1.69027882814 1.42284369469
7.08207416534 13.1298160553 10.1290779114 9.4688243866 7.84433698654 5.47154712677 2.55010139942 1.36370143294 1.063776806 1.04499501735
1.0 1.0 1.0 1.0 1.0 1.0 1.0 1.0 1.0 1.0
1.0 1.0 1.0 1.0 1.0 1.0 1.0 1.0 1.0 1.0
1.0 1.0 1.0 1.0 1.0 1.0 1.0 1.0 1.0 1.0
1.0 1.0 1.0 1.0 1.0 1.0 1.0 1.0 1.0 1.0
1.0031472072 1.00593121862 1.00294499774 1.00085327157 1.000337665 1.00025097703 1.00007488816 1.00050218159 1.00028616848 1.00055155583
1.19222871959 1.36727315187 1.18089705706 1.05262646452 1.01186547242 1.00349058723 1.00341749098 1.00104910322 1.00105764961 1.00151835161
1.61395734549 2.17999124527 1.5810007453 1.12616750598 1.04621893913 1.01610385813 1.00262772175 1.00378591754 1.00098632008 1.00158012542
2.01721096039 3.10572099686 2.1389400959 1.31906998158 1.07725910097 1.03078074008 1.0154060144 1.00843246467 1.00147755397 1.00157319172
2.53707909584 4.10225605965 2.60364794731 1.51907873154 1.09097711742 1.07081463188 1.02003299072 1.00848599803 1.00302807498 1.00226799189
3.7881102562 5.71402931213 3.8803050518 1.80091267824 1.22654820979 1.08173914254 1.08513314277 1.06037260592 1.00329114799 1.00196208805
5.31333208084 10.1737346649 7.40689849854 2.49349761009 1.40440186858 1.20923623443 1.10378483683 1.04717540741 1.00582859898 1.00356066017
1.60174834728 2.37493503094 2.10078930855 1.43450862169 1.10629405826 1.03754175454 1.0046126605 1.00986722857 1.00122645916 1.00408538897
1.01798705757 1.01558070071 1.00506241759 1.00121481973 1.00070854841 1.0006274847 1.00247431803 1.19543635845 1.31724965572 1.29972377419
1.0260723494 1.02590252459 1.00645030709 1.00206610421 1.00100756774 1.00235642213 1.00810868759 1.0876153782 2.01857495308 4.54406261444
1.04598570243 1.03640598804 1.00985927973 1.00278461305 1.00111993833 1.00184648717 1.00592910824 1.32414254546 3.27329349518 4.81057095528
1.0684723109 1.05559791625 1.01338776294 1.00351636787 1.00229329709 1.00366119645 1.0056960294 1.2322884798 3.35560703278 8.16809940338
1.14756245911 1.15836623311 1.07754515857 1.02385799028 1.01285165362 1.00820364524 1.01435976103 1.33290329576 3.87481164932 7.4780664444
1.44820132852 1.70933115482 1.2888533771 1.09635298699 1.04177235812 1.02002614178 1.02462632954 1.54113489389 4.51138949394 5.90773916245
1.84196591377 2.43782126904 1.74278497696 1.19674044847 1.06951325387 1.05572815239 1.04787516594 1.81010347605 4.73370146751 6.29634666443
2.33567976952 3.90696525574 2.41320383549 1.48584970832 1.11904361844 1.0435988754 1.04546495155 2.42877936363 4.71666955948 4.15136671066
3.25325512886 4.88254618645 3.81808447838 1.71594101191 1.20661625266 1.13395123184 1.15581357479 3.77865624428 4.93178272247 2.60928988457
4.68644618988 6.94899129868 4.61957406998 1.81753605604 1.36869063973 1.27975201607 1.47513723373 6.73646736145 3.12363195419 1.55376416445
5.28685903549 8.87122821808 6.09630823135 2.24474275112 1.68608617783 2.05427312851 1.81114143133 6.98501634598 1.69363486767 1.42262214422
7.08387851715 13.133395195 10.1362915039 9.47275543213 7.84872102737 5.48167896271 2.55305528641 1.36496391892 1.06405121833 1.04538673162
1.0 1.0 1.0 1.0 1.0 1.0 1.0 1.0 1.0 1.0
1.0 1.0 1.0 1.0 1.0 1.0 1.0 1.0 1.0 1.0
1.00000041113 1.0000000884 1.00000010072 1.00000013094 1.00000009143 1.00000005801 1.00000002707 1.00000002182 1.00000000547 1.00000001143
1.18354791403 1.3052636981 1.2606202364 1.1163020432 1.00462593138 1.006462391 1.00676362263 1.08384931833 1.02612773888 1.01642717049
1.83122420311 2.51245582104 2.17906081676 1.60395991802 1.03024477325 1.02125814185 1.05197481066 1.66333568096 1.05831701681 1.01823664643
2.42835915089 3.72511339188 2.96582448483 2.25067615509 1.43555951118 1.15947805345 1.18352943659 2.11685025692 1.07611645013 1.0146653913
3.45033717155 5.1860203743 4.41934990883 2.9792098999 1.43657842278 1.29589504004 1.23280078173 1.94054496288 1.02829870395 1.03148569912
4.52738189697 6.3385310173 5.22056913376 4.03252983093 1.71463924646 1.17601767182 1.19802486897 2.535982728 1.11271329224 1.04185179621
5.33092832565 7.45480775833 6.03228998184 3.61938524246 1.82464307547 1.26067295671 1.26548749208 3.30337524414 1.19752991199 1.05969770998
5.85988855362 8.96742582321 6.43046522141 4.04083871841 2.37003600597 1.37902262807 1.51958906651 6.01472425461 1.17582032084 1.12603096664
5.83277750015 9.7073059082 6.50599241257 2.99236226082 1.68479830027 1.60934722424 1.73899525404 9.52803897858 1.36627700925 1.12186107039
5.41578054428 10.4988689423 7.27691221237 3.24753832817 2.67434442043 3.10877370834 5.19810771942 7.28339195251 1.10511087626 1.06597720832
3.56753277779 5.83982610703 3.21843314171 2.701431036 2.01413536072 1.48115259409 1.09640229493 1.02580767311 1.00557295419 1.00796590652
1.0 1.0 1.0 1.0 1.0 1.0 1.0 1.0 1.0 1.0
1.0 1.0 1.0 1.0 1.0 1.0 1.0 1.0 1.0 1.0
1.0 1.0 1.0 1.0 1.0 1.0 1.0 1.0 1.0 1.0
1.00000259736 1.0000010863 1.00000072232 1.00000136096 1.00000162787 1.00000153072 1.00000081198 1.00000067941 1.00000017204 1.00000034583
1.05997093767 1.11994725466 1.06244307756 1.01668618061 1.00487016561 1.0019789692 1.00121266174 1.00066328747 1.00098475127 1.00156780577
1.35777842999 1.69483596087 1.28034690022 1.08141780645 1.02917710133 1.00708185183 1.00177770958 1.00150833093 1.00113978179 1.00158118748
1.77438253164 2.43058586121 1.73277050257 1.17073135078 1.04231808707 1.01844648458 1.01178149041 1.00669807661 1.00093649304 1.00146785553
2.26638936996 3.84985780716 2.40638542175 1.46360808611 1.1010479182 1.04807049036 1.0157656949 1.00889124162 1.00117276923 1.0025165719
3.17101740837 4.78330039978 3.81576108932 1.68245691061 1.17978702486 1.09105306864 1.03857120872 1.03748690337 1.00239771605 1.00192690652
4.6615884304 6.94024372101 4.65061473846 1.80385786295 1.34633669257 1.20289590955 1.07936374843 1.09353902936 1.00775791844 1.00154011545
5.29973697662 8.77753353119 6.02884483337 2.1085408926 1.35837325454 1.2238817215 1.21282349527 1.08588267863 1.00555589143 1.00441008387
3.93209147453 7.36436319351 6.18257141113 2.21597361565 1.41389065981 1.15340675414 1.06785950065 1.05157541484 1.00654246984 1.00336389663
1.0 1.0 1.0 1.0 1.0 1.0 1.0 1.0 1.0 1.0
1.0 1.0 1.0 1.0 1.0 1.0 1.0 1.0 1.0 1.0
1.0 1.0 1.0 1.0 1.0 1.0 1.0 1.0 1.0 1.0
1.0 1.0 1.0 1.0 1.0 1.0 1.0 1.0 1.0 1.0
1.0031472072 1.00593121862 1.00294499774 1.00085327157 1.000337665 1.00025097703 1.00007488816 1.00050218159 1.00028616848 1.00055155583
1.19222871959 1.36727315187 1.18089705706 1.05262646452 1.01186547242 1.00349058723 1.00341749098 1.00104910322 1.00105764961 1.00151835161
1.61395734549 2.17999124527 1.5810007453 1.12616750598 1.04621893913 1.01610385813 1.00262772175 1.00378591754 1.00098632008 1.00158012542
2.01721096039 3.10572099686 2.1389400959 1.31906998158 1.07725910097 1.03078074008 1.0154060144 1.00843246467 1.00147755397 1.00157319172
2.53707909584 4.10225605965 2.60364794731 1.51907873154 1.09097711742 1.07081463188 1.02003299072 1.00848599803 1.00302807498 1.00226799189
3.7881102562 5.71402931213 3.8803050518 1.80091267824 1.22654820979 1.08173914254 1.08513314277 1.06037260592 1.00329114799 1.00196208805
5.08470821381 7.99230766296 5.08602285385 2.10291683674 1.29247617722 1.23733229935 1.13399399817 1.05437360331 1.00996947102 1.00144956878
5.31333208084 10.1737346649 7.40689849854 2.49349761009 1.40440186858 1.20923623443 1.10378483683 1.04717540741 1.00582859898 1.00356066017
1.60170519352 2.37500679493 2.10078251362 1.43449550867 1.10630130023 1.03752852231 1.00459653651 1.00939738937 1.00141362671 1.00136444636
1.0 1.0 1.0 1.0 1.0 1.0 1.0 1.0 1.0 1.0
1.0 1.0 1.0 1.0 1.0 1.0 1.0 1.0 1.0 1.0
1.0 1.0 1.0 1.0 1.0 1.0 1.0 1.0 1.0 1.0
1.00000244111 1.00000101741 1.00000067289 1.00000127495 1.0000015274 1.00000140559 1.00000073911 1.00000061681 1.00000015607 1.00000031374
1.05969295278 1.11937910318 1.0621080175 1.0166140534 1.00485218596 1.00197133492 1.00120374688 1.00066332775 1.00098361692 1.00156305672
1.35729068518 1.69375908375 1.28011614084 1.08136296272 1.02912383713 1.00704927929 1.00177810318 1.00150691776 1.00113844103 1.00157662015
1.77397274971 2.43010473251 1.73254215717 1.17065514624 1.04228286073 1.01842721365 1.01175075863 1.00668754475 1.00093673292 1.00146667112
2.2657995224 3.84840297699 2.40633440018 1.46359422803 1.10108566284 1.04796338454 1.01575723104 1.00889206491 1.0011768851 1.0025105665
3.16969251633 4.78261351585 3.81406331062 1.68178409338 1.17945218086 1.09105896205 1.03841473535 1.03743134066 1.00239187782 1.00192469056
4.65971660614 6.93792724609 4.64842557907 1.80318117142 1.34639769793 1.20285187662 1.07931359112 1.09357950836 1.00774445524 1.00154717057
5.29824542999 8.77526807785 6.02583408356 2.10808980465 1.35788321495 1.22406347096 1.21296058595 1.08593523502 1.00557786878 1.00441449787
3.93901658058 7.37594842911 6.19321680069 2.2168006897 1.41449323297 1.15372259915 1.06803100556 1.05159970745 1.00655461149 1.00337071763
1.0 1.0 1.0 1.0 1.0 1.0 1.0 1.0 1.0 1.0
1.0 1.0 1.0 1.0 1.0 1.0 1.0 1.0 1.0 1.0
1.00000041113 1.0000000884 1.00000010072 1.00000013094 1.00000009143 1.00000005801 1.00000002707 1.00000002182 1.00000000547 1.00000001143
1.18354791403 1.3052636981 1.2606202364 1.1163020432 1.00462593138 1.006462391 1.00676362263 1.08384931833 1.02612773888 1.01642717049
1.83122420311 2.51245582104 2.17906081676 1.60395991802 1.03024477325 1.02125814185 1.05197481066 1.66333568096 1.05831701681 1.01823664643
2.42835915089 3.72511339188 2.96582448483 2.25067615509 1.43555951118 1.15947805345 1.18352943659 2.11685025692 1.07611645013 1.0146653913
3.45033717155 5.1860203743 4.41934990883 2.9792098999 1.43657842278 1.29589504004 1.23280078173 1.94054496288 1.02829870395 1.03148569912
4.52738189697 6.3385310173 5.22056913376 4.03252983093 1.71463924646 1.17601767182 1.19802486897 2.535982728 1.11271329224 1.04185179621
5.33092832565 7.45480775833 6.03228998184 3.61938524246 1.82464307547 1.26067295671 1.26548749208 3.30337524414 1.19752991199 1.05969770998
5.85988855362 8.96742582321 6.43046522141 4.04083871841 2.37003600597 1.37902262807 1.51958906651 6.01472425461 1.17582032084 1.12603096664
5.83277750015 9.7073059082 6.50599241257 2.99236226082 1.68479830027 1.60934722424 1.73899525404 9.52803897858 1.36627700925 1.12186107039
5.41578054428 10.4988689423 7.27691221237 3.24753832817 2.67434442043 3.10877370834 5.19810771942 7.28339195251 1.10511087626 1.06597720832
3.56756639481 5.83976888657 3.21844100952 2.70144462585 2.01413345337 1.48114320636 1.09642793238 1.02630248852 1.00427169539 1.00848494656
1.01799994707 1.01559322793 1.0050616134 1.00121691683 1.00070995744 1.00062030449 1.00246469676 1.19569636881 1.31873941422 1.30340251327
1.02609496005 1.025920894 1.00645081326 1.00206349557 1.00100773631 1.002371029 1.00811933167 1.08709970862 2.01864945889 4.54790282249
1.0459959507 1.03643682972 1.00986103062 1.00278460979 1.0011254251 1.00185158791 1.00595520344 1.32420584559 3.27446842194 4.79389882088
1.06852570921 1.05565987155 1.01339812018 1.00352010783 1.00229839212 1.00367728621 1.00568761909 1.23283189535 3.35697793961 8.16497516632
1.14779743552 1.15894201398 1.07785990089 1.023913702 1.01290454902 1.00814995822 1.01425146218 1.33398920298 3.87686371803 7.49520158768
1.44860783219 1.71026045084 1.28908672929 1.0964577347 1.04181907326 1.02008176222 1.02457710914 1.54220545292 4.51264357567 5.88444232941
1.84227740765 2.43822646141 1.74298912287 1.1968960464 1.06959362328 1.05585416034 1.04816847667 1.81000798941 4.73243355751 6.27768754959
2.33623218536 3.90819621086 2.41325342655 1.48569434881 1.11896815151 1.04369863123 1.04570850357 2.42850422859 4.71746587753 4.14097118378
3.25443410873 4.88305330276 3.81979417801 1.71633958817 1.20692066848 1.13394334912 1.15600833297 3.78210091591 4.93198466301 2.60792350769
4.68835258484 6.95117616653 4.62169551849 1.81813818216 1.36880818009 1.27995151281 1.47634384036 6.7409787178 3.11910963058 1.55404007435
5.28796052933 8.8750333786 6.09920978546 2.24560022354 1.68857830763 2.05849540234 1.81206083298 6.97184801102 1.69027882814 1.42284369469
7.08207416534 13.1298160553 10.1290779114 9.4688243866 7.84433698654 5.47154712677 2.55010139942 1.36370143294 1.063776806 1.04499501735
1.0 1.0 1.0 1.0 1.0 1.0 1.0 1.0 1.0 1.0
1.0 1.0 1.0 1.0 1.0 1.0 1.0 1.0 1.0 1.0
1.0 1.0 1.0 1.0 1.0 1.0 1.0 1.0 1.0 1.0
1.0 1.0 1.0 1.0 1.0 1.0 1.0 1.0 1.0 1.0
1.0031472072 1.00593121862 1.00294499774 1.00085327157 1.000337665 1.00025097703 1.00007488816 1.00050218159 1.00028616848 1.00055155583
1.19222871959 1.36727315187 1.18089705706 1.05262646452 1.01186547242 1.00349058723 1.00341749098 1.00104910322 1.00105764961 1.00151835161
1.61395734549 2.17999124527 1.5810007453 1.12616750598 1.04621893913 1.01610385813 1.00262772175 1.00378591754 1.00098632008 1.00158012542
2.01721096039 3.10572099686 2.1389400959 1.31906998158 1.07725910097 1.03078074008 1.0154060144 1.00843246467 1.00147755397 1.00157319172
2.53707909584 4.10225605965 2.60364794731 1.51907873154 1.09097711742 1.07081463188 1.02003299072 1.00848599803 1.00302807498 1.00226799189
3.7881102562 5.71402931213 3.8803050518 1.80091267824 1.22654820979 1.08173914254 1.08513314277 1.06037260592 1.00329114799 1.00196208805
5.08470821381 7.99230766296 5.08602285385 2.10291683674 1.29247617722 1.23733229935 1.13399399817 1.05437360331 1.00996947102 1.00144956878
5.31333208084 10.1737346649 7.40689849854 2.49349761009 1.40440186858 1.20923623443 1.10378483683 1.04717540741 1.00582859898 1.00356066017
1.60174834728 2.37493503094 2.10078930855 1.43450862169 1.10629405826 1.03754175454 1.0046126605 1.00986722857 1.00122645916 1.00408538897
1.01798705757 1.01558070071 1.00506241759 1.00121481973 1.00070854841 1.0006274847 1.00247431803 1.19543635845 1.31724965572 1.29972377419
1.0260723494 1.02590252459 1.00645030709 1.00206610421 1.00100756774 1.00235642213 1.00810868759 1.0876153782 2.01857495308 4.54406261444
1.04598570243 1.03640598804 1.00985927973 1.00278461305 1.00111993833 1.00184648717 1.00592910824 1.32414254546 3.27329349518 4.81057095528
1.0684723109 1.05559791625 1.01338776294 1.00351636787 1.00229329709 1.00366119645 1.0056960294 1.2322884798 3.35560703278 8.16809940338
1.14756245911 1.15836623311 1.07754515857 1.02385799028 1.01285165362 1.00820364524 1.01435976103 1.33290329576 3.87481164932 7.4780664444
1.44820132852 1.70933115482 1.2888533771 1.09635298699 1.04177235812 1.02002614178 1.02462632954 1.54113489389 4.51138949394 5.90773916245
1.84196591377 2.43782126904 1.74278497696 1.19674044847 1.06951325387 1.05572815239 1.04787516594 1.81010347605 4.73370146751 6.29634666443
2.33567976952 3.90696525574 2.41320383549 1.48584970832 1.11904361844 1.0435988754 1.04546495155 2.42877936363 4.71666955948 4.15136671066
3.25325512886 4.88254618645 3.81808447838 1.71594101191 1.20661625266 1.13395123184 1.15581357479 3.77865624428 4.93178272247 2.60928988457
4.68644618988 6.94899129868 4.61957406998 1.81753605604 1.36869063973 1.27975201607 1.47513723373 6.73646736145 3.12363195419 1.55376416445
5.28685903549 8.87122821808 6.09630823135 2.24474275112 1.68608617783 2.05427312851 1.81114143133 6.98501634598 1.69363486767 1.42262214422
7.08387851715 13.133395195 10.1362915039 9.47275543213 7.84872102737 5.48167896271 2.55305528641 1.36496391892 1.06405121833 1.04538673162
1.0 1.0 1.0 1.0 1.0 1.0 1.0 1.0 1.0 1.0
1.0 1.0 1.0 1.0 1.0 1.0 1.0 1.0 1.0 1.0
1.00000041113 1.0000000884 1.00000010072 1.00000013094 1.00000009143 1.00000005801 1.00000002707 1.00000002182 1.00000000547 1.00000001143
1.18354791403 1.3052636981 1.2606202364 1.1163020432 1.00462593138 1.006462391 1.00676362263 1.08384931833 1.02612773888 1.01642717049
1.83122420311 2.51245582104 2.17906081676 1.60395991802 1.03024477325 1.02125814185 1.05197481066 1.66333568096 1.05831701681 1.01823664643
2.42835915089 3.72511339188 2.96582448483 2.25067615509 1.43555951118 1.15947805345 1.18352943659 2.11685025692 1.07611645013 1.0146653913
3.45033717155 5.1860203743 4.41934990883 2.9792098999 1.43657842278 1.29589504004 1.23280078173 1.94054496288 1.02829870395 1.03148569912
4.52738189697 6.3385310173 5.22056913376 4.03252983093 1.71463924646 1.17601767182 1.19802486897 2.535982728 1.11271329224 1.04185179621
5.33092832565 7.45480775833 6.03228998184 3.61938524246 1.82464307547 1.26067295671 1.26548749208 3.30337524414 1.19752991199 1.05969770998
5.85988855362 8.96742582321 6.43046522141 4.04083871841 2.37003600597 1.37902262807 1.51958906651 6.01472425461 1.17582032084 1.12603096664
5.83277750015 9.7073059082 6.50599241257 2.99236226082 1.68479830027 1.60934722424 1.73899525404 9.52803897858 1.36627700925 1.12186107039
5.41578054428 10.4988689423 7.27691221237 3.24753832817 2.67434442043 3.10877370834 5.19810771942 7.28339195251 1.10511087626 1.06597720832
3.56753277779 5.83982610703 3.21843314171 2.701431036 2.01413536072 1.48115259409 1.09640229493 1.02580767311 1.00557295419 1.00796590652
1.0 1.0 1.0 1.0 1.0 1.0 1.0 1.0 1.0 1.0
1.0 1.0 1.0 1.0 1.0 1.0 1.0 1.0 1.0 1.0
1.0 1.0 1.0 1.0 1.0 1.0 1.0 1.0 1.0 1.0
1.00000259736 1.0000010863 1.00000072232 1.00000136096 1.00000162787 1.00000153072 1.00000081198 1.00000067941 1.00000017204 1.00000034583
1.05997093767 1.11994725466 1.06244307756 1.01668618061 1.00487016561 1.0019789692 1.00121266174 1.00066328747 1.00098475127 1.00156780577
1.35777842999 1.69483596087 1.28034690022 1.08141780645 1.02917710133 1.00708185183 1.00177770958 1.00150833093 1.00113978179 1.00158118748
1.77438253164 2.43058586121 1.73277050257 1.17073135078 1.04231808707 1.01844648458 1.01178149041 1.00669807661 1.00093649304 1.00146785553
2.26638936996 3.84985780716 2.40638542175 1.46360808611 1.1010479182 1.04807049036 1.0157656949 1.00889124162 1.00117276923 1.0025165719
3.17101740837 4.78330039978 3.81576108932 1.68245691061 1.17978702486 1.09105306864 1.03857120872 1.03748690337 1.00239771605 1.00192690652
4.6615884304 6.94024372101 4.65061473846 1.80385786295 1.34633669257 1.20289590955 1.07936374843 1.09353902936 1.00775791844 1.00154011545
5.29973697662 8.77753353119 6.02884483337 2.1085408926 1.35837325454 1.2238817215 1.21282349527 1.08588267863 1.00555589143 1.00441008387
3.93209147453 7.36436319351 6.18257141113 2.21597361565 1.41389065981 1.15340675414 1.06785950065 1.05157541484 1.00654246984 1.00336389663
1.0 1.0 1.0 1.0 1.0 1.0 1.0 1.0 1.0 1.0
1.0 1.0 1.0 1.0 1.0 1.0 1.0 1.0 1.0 1.0
1.0 1.0 1.0 1.0 1.0 1.0 1.0 1.0 1.0 1.0
1.0 1.0 1.0 1.0 1.0 1.0 1.0 1.0 1.0 1.0
1.0031472072 1.00593121862 1.00294499774 1.00085327157 1.000337665 1.00025097703 1.00007488816 1.00050218159 1.00028616848 1.00055155583
1.19222871959 1.36727315187 1.18089705706 1.05262646452 1.01186547242 1.00349058723 1.00341749098 1.00104910322 1.00105764961 1.00151835161
1.61395734549 2.17999124527 1.5810007453 1.12616750598 1.04621893913 1.01610385813 1.00262772175 1.00378591754 1.00098632008 1.00158012542
2.01721096039 3.10572099686 2.1389400959 1.31906998158 1.07725910097 1.03078074008 1.0154060144 1.00843246467 1.00147755397 1.00157319172
2.53707909584 4.10225605965 2.60364794731 1.51907873154 1.09097711742 1.07081463188 1.02003299072 1.00848599803 1.00302807498 1.00226799189
3.7881102562 5.71402931213 3.8803050518 1.80091267824 1.22654820979 1.08173914254 1.08513314277 1.06037260592 1.00329114799 1.00196208805
5.08470821381 7.99230766296 5.08602285385 2.10291683674 1.29247617722 1.23733229935 1.13399399817 1.05437360331 1.00996947102 1.00144956878
5.31333208084 10.1737346649 7.40689849854 2.49349761009 1.40440186858 1.20923623443 1.10378483683 1.04717540741 1.00582859898 1.00356066017
1.60170519352 2.37500679493 2.10078251362 1.43449550867 1.10630130023 1.03752852231 1.00459653651 1.00939738937 1.00141362671 1.00136444636
1.0 1.0 1.0 1.0 1.0 1.0 1.0 1.0 1.0 1.0
1.0 1.0 1.0 1.0 1.0 1.0 1.0 1.0 1.0 1.0
1.0 1.0 1.0 1.0 1.0 1.0 1.0 1.0 1.0 1.0
1.00000244111 1.00000101741 1.00000067289 1.00000127495 1.0000015274 1.00000140559 1.00000073911 1.00000061681 1.00000015607 1.00000031374
1.05969295278 1.11937910318 1.0621080175 1.0166140534 1.00485218596 1.00197133492 1.00120374688 1.00066332775 1.00098361692 1.00156305672
1.35729068518 1.69375908375 1.28011614084 1.08136296272 1.02912383713 1.00704927929 1.00177810318 1.00150691776 1.00113844103 1.00157662015
1.77397274971 2.43010473251 1.73254215717 1.17065514624 1.04228286073 1.01842721365 1.01175075863 1.00668754475 1.00093673292 1.00146667112
2.2657995224 3.84840297699 2.40633440018 1.46359422803 1.10108566284 1.04796338454 1.01575723104 1.00889206491 1.0011768851 1.0025105665
3.16969251633 4.78261351585 3.81406331062 1.68178409338 1.17945218086 1.09105896205 1.03841473535 1.03743134066 1.00239187782 1.00192469056
4.65971660614 6.93792724609 4.64842557907 1.80318117142 1.34639769793 1.20285187662 1.07931359112 1.09357950836 1.00774445524 1.00154717057
5.29824542999 8.77526807785 6.02583408356 2.10808980465 1.35788321495 1.22406347096 1.21296058595 1.08593523502 1.00557786878 1.00441449787
3.93901658058 7.37594842911 6.19321680069 2.2168006897 1.41449323297 1.15372259915 1.06803100556 1.05159970745 1.00655461149 1.00337071763
1.0 1.0 1.0 1.0 1.0 1.0 1.0 1.0 1.0 1.0
1.0 1.0 1.0 1.0 1.0 1.0 1.0 1.0 1.0 1.0
1.00000041113 1.0000000884 1.00000010072 1.00000013094 1.00000009143 1.00000005801 1.00000002707 1.00000002182 1.00000000547 1.00000001143
1.18354791403 1.3052636981 1.2606202364 1.1163020432 1.00462593138 1.006462391 1.00676362263 1.08384931833 1.02612773888 1.01642717049
1.83122420311 2.51245582104 2.17906081676 1.60395991802 1.03024477325 1.02125814185 1.05197481066 1.66333568096 1.05831701681 1.01823664643
3.45033717155 5.1860203743 4.41934990883 2.9792098999 1.43657842278 1.29589504004 1.23280078173 1.94054496288 1.02829870395 1.03148569912
4.52738189697 6.3385310173 5.22056913376 4.03252983093 1.71463924646 1.17601767182 1.19802486897 2.535982728 1.11271329224 1.04185179621
5.33092832565 7.45480775833 6.03228998184 3.61938524246 1.82464307547 1.26067295671 1.26548749208 3.30337524414 1.19752991199 1.05969770998
5.85988855362 8.96742582321 6.43046522141 4.04083871841 2.37003600597 1.37902262807 1.51958906651 6.01472425461 1.17582032084 1.12603096664
5.83277750015 9.7073059082 6.50599241257 2.99236226082 1.68479830027 1.60934722424 1.73899525404 9.52803897858 1.36627700925 1.12186107039
5.41578054428 10.4988689423 7.27691221237 3.24753832817 2.67434442043 3.10877370834 5.19810771942 7.28339195251 1.10511087626 1.06597720832
3.56756639481 5.83976888657 3.21844100952 2.70144462585 2.01413345337 1.48114320636 1.09642793238 1.02630248852 1.00427169539 1.00848494656
1.01799994707 1.01559322793 1.0050616134 1.00121691683 1.00070995744 1.00062030449 1.00246469676 1.19569636881 1.31873941422 1.30340251327
1.02609496005 1.025920894 1.00645081326 1.00206349557 1.00100773631 1.002371029 1.00811933167 1.08709970862 2.01864945889 4.54790282249
1.0459959507 1.03643682972 1.00986103062 1.00278460979 1.0011254251 1.00185158791 1.00595520344 1.32420584559 3.27446842194 4.79389882088
1.06852570921 1.05565987155 1.01339812018 1.00352010783 1.00229839212 1.00367728621 1.00568761909 1.23283189535 3.35697793961 8.16497516632
1.14779743552 1.15894201398 1.07785990089 1.023913702 1.01290454902 1.00814995822 1.01425146218 1.33398920298 3.87686371803 7.49520158768
1.44860783219 1.71026045084 1.28908672929 1.0964577347 1.04181907326 1.02008176222 1.02457710914 1.54220545292 4.51264357567 5.88444232941
1.84227740765 2.43822646141 1.74298912287 1.1968960464 1.06959362328 1.05585416034 1.04816847667 1.81000798941 4.73243355751 6.27768754959
2.33623218536 3.90819621086 2.41325342655 1.48569434881 1.11896815151 1.04369863123 1.04570850357 2.42850422859 4.71746587753 4.14097118378
3.25443410873 4.88305330276 3.81979417801 1.71633958817 1.20692066848 1.13394334912 1.15600833297 3.78210091591 4.93198466301 2.60792350769
4.68835258484 6.95117616653 4.62169551849 1.81813818216 1.36880818009 1.27995151281 1.47634384036 6.7409787178 3.11910963058 1.55404007435
5.28796052933 8.8750333786 6.09920978546 2.24560022354 1.68857830763 2.05849540234 1.81206083298 6.97184801102 1.69027882814 1.42284369469
7.08207416534 13.1298160553 10.1290779114 9.4688243866 7.84433698654 5.47154712677 2.55010139942 1.36370143294 1.063776806 1.04499501735
1.0 1.0 1.0 1.0 1.0 1.0 1.0 1.0 1.0 1.0
1.0 1.0 1.0 1.0 1.0 1.0 1.0 1.0 1.0 1.0
1.0 1.0 1.0 1.0 1.0 1.0 1.0 1.0 1.0 1.0
1.0 1.0 1.0 1.0 1.0 1.0 1.0 1.0 1.0 1.0
1.0031472072 1.00593121862 1.00294499774 1.00085327157 1.000337665 1.00025097703 1.00007488816 1.00050218159 1.00028616848 1.00055155583
1.19222871959 1.36727315187 1.18089705706 1.05262646452 1.01186547242 1.00349058723 1.00341749098 1.00104910322 1.00105764961 1.00151835161
1.61395734549 2.17999124527 1.5810007453 1.12616750598 1.04621893913 1.01610385813 1.00262772175 1.00378591754 1.00098632008 1.00158012542
2.01721096039 3.10572099686 2.1389400959 1.31906998158 1.07725910097 1.03078074008 1.0154060144 1.00843246467 1.00147755397 1.00157319172
2.53707909584 4.10225605965 2.60364794731 1.51907873154 1.09097711742 1.07081463188 1.02003299072 1.00848599803 1.00302807498 1.00226799189
3.7881102562 5.71402931213 3.8803050518 1.80091267824 1.22654820979 1.08173914254 1.08513314277 1.06037260592 1.00329114799 1.00196208805
5.08470821381 7.99230766296 5.08602285385 2.10291683674 1.29247617722 1.23733229935 1.13399399817 1.05437360331 1.00996947102 1.00144956878
5.31333208084 10.1737346649 7.40689849854 2.49349761009 1.40440186858 1.20923623443 1.10378483683 1.04717540741 1.00582859898 1.00356066017
1.60174834728 2.37493503094 2.10078930855 1.43450862169 1.10629405826 1.03754175454 1.0046126605 1.00986722857 1.00122645916 1.00408538897
1.01798705757 1.01558070071 1.00506241759 1.00121481973 1.00070854841 1.0006274847 1.00247431803 1.19543635845 1.31724965572 1.29972377419
1.0260723494 1.02590252459 1.00645030709 1.00206610421 1.00100756774 1.00235642213 1.00810868759 1.0876153782 2.01857495308 4.54406261444
1.04598570243 1.03640598804 1.00985927973 1.00278461305 1.00111993833 1.00184648717 1.00592910824 1.32414254546 3.27329349518 4.81057095528
1.0684723109 1.05559791625 1.01338776294 1.00351636787 1.00229329709 1.00366119645 1.0056960294 1.2322884798 3.35560703278 8.16809940338
1.14756245911 1.15836623311 1.07754515857 1.02385799028 1.01285165362 1.00820364524 1.01435976103 1.33290329576 3.87481164932 7.4780664444
1.44820132852 1.70933115482 1.2888533771 1.09635298699 1.04177235812 1.02002614178 1.02462632954 1.54113489389 4.51138949394 5.90773916245
1.84196591377 2.43782126904 1.74278497696 1.19674044847 1.06951325387 1.05572815239 1.04787516594 1.81010347605 4.73370146751 6.29634666443
2.33567976952 3.90696525574 2.41320383549 1.48584970832 1.11904361844 1.0435988754 1.04546495155 2.42877936363 4.71666955948 4.15136671066
3.25325512886 4.88254618645 3.81808447838 1.71594101191 1.20661625266 1.13395123184 1.15581357479 3.77865624428 4.93178272247 2.60928988457
4.68644618988 6.94899129868 4.61957406998 1.81753605604 1.36869063973 1.27975201607 1.47513723373 6.73646736145 3.12363195419 1.55376416445
5.28685903549 8.87122821808 6.09630823135 2.24474275112 1.68608617783 2.05427312851 1.81114143133 6.98501634598 1.69363486767 1.42262214422
7.08387851715 13.133395195 10.1362915039 9.47275543213 7.84872102737 5.48167896271 2.55305528641 1.36496391892 1.06405121833 1.04538673162
1.0 1.0 1.0 1.0 1.0 1.0 1.0 1.0 1.0 1.0
1.0 1.0 1.0 1.0 1.0 1.0 1.0 1.0 1.0 1.0
1.00000041113 1.0000000884 1.00000010072 1.00000013094 1.00000009143 1.00000005801 1.00000002707 1.00000002182 1.00000000547 1.00000001143
1.18354791403 1.3052636981 1.2606202364 1.1163020432 1.00462593138 1.006462391 1.00676362263 1.08384931833 1.02612773888 1.01642717049
1.83122420311 2.51245582104 2.17906081676 1.60395991802 1.03024477325 1.02125814185 1.05197481066 1.66333568096 1.05831701681 1.01823664643
2.42835915089 3.72511339188 2.96582448483 2.25067615509 1.43555951118 1.15947805345 1.18352943659 2.11685025692 1.07611645013 1.0146653913
3.45033717155 5.1860203743 4.41934990883 2.9792098999 1.43657842278 1.29589504004 1.23280078173 1.94054496288 1.02829870395 1.03148569912
4.52738189697 6.3385310173 5.22056913376 4.03252983093 1.71463924646 1.17601767182 1.19802486897 2.535982728 1.11271329224 1.04185179621
5.33092832565 7.45480775833 6.03228998184 3.61938524246 1.82464307547 1.26067295671 1.26548749208 3.30337524414 1.19752991199 1.05969770998
5.85988855362 8.96742582321 6.43046522141 4.04083871841 2.37003600597 1.37902262807 1.51958906651 6.01472425461 1.17582032084 1.12603096664
5.83277750015 9.7073059082 6.50599241257 2.99236226082 1.68479830027 1.60934722424 1.73899525404 9.52803897858 1.36627700925 1.12186107039
5.41578054428 10.4988689423 7.27691221237 3.24753832817 2.67434442043 3.10877370834 5.19810771942 7.28339195251 1.10511087626 1.06597720832
3.56753277779 5.83982610703 3.21843314171 2.701431036 2.01413536072 1.48115259409 1.09640229493 1.02580767311 1.00557295419 1.00796590652
1.0 1.0 1.0 1.0 1.0 1.0 1.0 1.0 1.0 1.0
1.0 1.0 1.0 1.0 1.0 1.0 1.0 1.0 1.0 1.0
1.0 1.0 1.0 1.0 1.0 1.0 1.0 1.0 1.0 1.0
1.00000259736 1.0000010863 1.00000072232 1.00000136096 1.00000162787 1.00000153072 1.00000081198 1.00000067941 1.00000017204 1.00000034583
1.05997093767 1.11994725466 1.06244307756 1.01668618061 1.00487016561 1.0019789692 1.00121266174 1.00066328747 1.00098475127 1.00156780577
1.35777842999 1.69483596087 1.28034690022 1.08141780645 1.02917710133 1.00708185183 1.00177770958 1.00150833093 1.00113978179 1.00158118748
1.77438253164 2.43058586121 1.73277050257 1.17073135078 1.04231808707 1.01844648458 1.01178149041 1.00669807661 1.00093649304 1.00146785553
2.26638936996 3.84985780716 2.40638542175 1.46360808611 1.1010479182 1.04807049036 1.0157656949 1.00889124162 1.00117276923 1.0025165719
3.17101740837 4.78330039978 3.81576108932 1.68245691061 1.17978702486 1.09105306864 1.03857120872 1.03748690337 1.00239771605 1.00192690652
4.6615884304 6.94024372101 4.65061473846 1.80385786295 1.34633669257 1.20289590955 1.07936374843 1.09353902936 1.00775791844 1.00154011545
5.29973697662 8.77753353119 6.02884483337 2.1085408926 1.35837325454 1.2238817215 1.21282349527 1.08588267863 1.00555589143 1.00441008387
3.93209147453 7.36436319351 6.18257141113 2.21597361565 1.41389065981 1.15340675414 1.06785950065 1.05157541484 1.00654246984 1.00336389663
1.0 1.0 1.0 1.0 1.0 1.0 1.0 1.0 1.0 1.0
1.0 1.0 1.0 1.0 1.0 1.0 1.0 1.0 1.0 1.0
1.0 1.0 1.0 1.0 1.0 1.0 1.0 1.0 1.0 1.0
1.0 1.0 1.0 1.0 1.0 1.0 1.0 1.0 1.0 1.0
1.0031472072 1.00593121862 1.00294499774 1.00085327157 1.000337665 1.00025097703 1.00007488816 1.00050218159 1.00028616848 1.00055155583
1.19222871959 1.36727315187 1.18089705706 1.05262646452 1.01186547242 1.00349058723 1.00341749098 1.00104910322 1.00105764961 1.00151835161
1.61395734549 2.17999124527 1.5810007453 1.12616750598 1.04621893913 1.01610385813 1.00262772175 1.00378591754 1.00098632008 1.00158012542
2.01721096039 3.10572099686 2.1389400959 1.31906998158 1.07725910097 1.03078074008 1.0154060144 1.00843246467 1.00147755397 1.00157319172
2.53707909584 4.10225605965 2.60364794731 1.51907873154 1.09097711742 1.07081463188 1.02003299072 1.00848599803 1.00302807498 1.00226799189
3.7881102562 5.71402931213 3.8803050518 1.80091267824 1.22654820979 1.08173914254 1.08513314277 1.06037260592 1.00329114799 1.00196208805
5.08470821381 7.99230766296 5.08602285385 2.10291683674 1.29247617722 1.23733229935 1.13399399817 1.05437360331 1.00996947102 1.00144956878
5.31333208084 10.1737346649 7.40689849854 2.49349761009 1.40440186858 1.20923623443 1.10378483683 1.04717540741 1.00582859898 1.00356066017
1.60170519352 2.37500679493 2.10078251362 1.43449550867 1.10630130023 1.03752852231 1.00459653651 1.00939738937 1.00141362671 1.00136444636
1.0 1.0 1.0 1.0 1.0 1.0 1.0 1.0 1.0 1.0
1.0 1.0 1.0 1.0 1.0 1.0 1.0 1.0 1.0 1.0
1.0 1.0 1.0 1.0 1.0 1.0 1.0 1.0 1.0 1.0
1.00000244111 1.00000101741 1.00000067289 1.00000127495 1.0000015274 1.00000140559 1.00000073911 1.00000061681 1.00000015607 1.00000031374
1.05969295278 1.11937910318 1.0621080175 1.0166140534 1.00485218596 1.00197133492 1.00120374688 1.00066332775 1.00098361692 1.00156305672
1.35729068518 1.69375908375 1.28011614084 1.08136296272 1.02912383713 1.00704927929 1.00177810318 1.00150691776 1.00113844103 1.00157662015
1.77397274971 2.43010473251 1.73254215717 1.17065514624 1.04228286073 1.01842721365 1.01175075863 1.00668754475 1.00093673292 1.00146667112
2.2657995224 3.84840297699 2.40633440018 1.46359422803 1.10108566284 1.04796338454 1.01575723104 1.00889206491 1.0011768851 1.0025105665
3.16969251633 4.78261351585 3.81406331062 1.68178409338 1.17945218086 1.09105896205 1.03841473535 1.03743134066 1.00239187782 1.00192469056
4.65971660614 6.93792724609 4.64842557907 1.80318117142 1.34639769793 1.20285187662 1.07931359112 1.09357950836 1.00774445524 1.00154717057
5.29824542999 8.77526807785 6.02583408356 2.10808980465 1.35788321495 1.22406347096 1.21296058595 1.08593523502 1.00557786878 1.00441449787
3.93901658058 7.37594842911 6.19321680069 2.2168006897 1.41449323297 1.15372259915 1.06803100556 1.05159970745 1.00655461149 1.00337071763
1.0 1.0 1.0 1.0 1.0 1.0 1.0 1.0 1.0 1.0
1.0 1.0 1.0 1.0 1.0 1.0 1.0 1.0 1.0 1.0
1.00000041113 1.0000000884 1.00000010072 1.00000013094 1.00000009143 1.00000005801 1.00000002707 1.00000002182 1.00000000547 1.00000001143
1.18354791403 1.3052636981 1.2606202364 1.1163020432 1.00462593138 1.006462391 1.00676362263 1.08384931833 1.02612773888 1.01642717049
1.83122420311 2.51245582104 2.17906081676 1.60395991802 1.03024477325 1.02125814185 1.05197481066 1.66333568096 1.05831701681 1.01823664643
2.42835915089 3.72511339188 2.96582448483 2.25067615509 1.43555951118 1.15947805345 1.18352943659 2.11685025692 1.07611645013 1.0146653913
3.45033717155 5.1860203743 4.41934990883 2.9792098999 1.43657842278 1.29589504004 1.23280078173 1.94054496288 1.02829870395 1.03148569912
4.52738189697 6.3385310173 5.22056913376 4.03252983093 1.71463924646 1.17601767182 1.19802486897 2.535982728 1.11271329224 1.04185179621
5.33092832565 7.45480775833 6.03228998184 3.61938524246 1.82464307547 1.26067295671 1.26548749208 3.30337524414 1.19752991199 1.05969770998
5.85988855362 8.96742582321 6.43046522141 4.04083871841 2.37003600597 1.37902262807 1.51958906651 6.01472425461 1.17582032084 1.12603096664
5.83277750015 9.7073059082 6.50599241257 2.99236226082 1.68479830027 1.60934722424 1.73899525404 9.52803897858 1.36627700925 1.12186107039
5.41578054428 10.4988689423 7.27691221237 3.24753832817 2.67434442043 3.10877370834 5.19810771942 7.28339195251 1.10511087626 1.06597720832
3.56756639481 5.83976888657 3.21844100952 2.70144462585 2.01413345337 1.48114320636 1.09642793238 1.02630248852 1.00427169539 1.00848494656
1.01799994707 1.01559322793 1.0050616134 1.00121691683 1.00070995744 1.00062030449 1.00246469676 1.19569636881 1.31873941422 1.30340251327
1.02609496005 1.025920894 1.00645081326 1.00206349557 1.00100773631 1.002371029 1.00811933167 1.08709970862 2.01864945889 4.54790282249
1.0459959507 1.03643682972 1.00986103062 1.00278460979 1.0011254251 1.00185158791 1.00595520344 1.32420584559 3.27446842194 4.79389882088
1.06852570921 1.05565987155 1.01339812018 1.00352010783 1.00229839212 1.00367728621 1.00568761909 1.23283189535 3.35697793961 8.16497516632
1.14779743552 1.15894201398 1.07785990089 1.023913702 1.01290454902 1.00814995822 1.01425146218 1.33398920298 3.87686371803 7.49520158768
1.44860783219 1.71026045084 1.28908672929 1.0964577347 1.04181907326 1.02008176222 1.02457710914 1.54220545292 4.51264357567 5.88444232941
1.84227740765 2.43822646141 1.74298912287 1.1968960464 1.06959362328 1.05585416034 1.04816847667 1.81000798941 4.73243355751 6.27768754959
2.33623218536 3.90819621086 2.41325342655 1.48569434881 1.11896815151 1.04369863123 1.04570850357 2.42850422859 4.71746587753 4.14097118378
3.25443410873 4.88305330276 3.81979417801 1.71633958817 1.20692066848 1.13394334912 1.15600833297 3.78210091591 4.93198466301 2.60792350769
4.68835258484 6.95117616653 4.62169551849 1.81813818216 1.36880818009 1.27995151281 1.47634384036 6.7409787178 3.11910963058 1.55404007435
5.28796052933 8.8750333786 6.09920978546 2.24560022354 1.68857830763 2.05849540234 1.81206083298 6.97184801102 1.69027882814 1.42284369469
7.08207416534 13.1298160553 10.1290779114 9.4688243866 7.84433698654 5.47154712677 2.55010139942 1.36370143294 1.063776806 1.04499501735
1.0 1.0 1.0 1.0 1.0 1.0 1.0 1.0 1.0 1.0
1.0 1.0 1.0 1.0 1.0 1.0 1.0 1.0 1.0 1.0
1.0 1.0 1.0 1.0 1.0 1.0 1.0 1.0 1.0 1.0
1.0031472072 1.00593121862 1.00294499774 1.00085327157 1.000337665 1.00025097703 1.00007488816 1.00050218159 1.00028616848 1.00055155583
1.19222871959 1.36727315187 1.18089705706 1.05262646452 1.01186547242 1.00349058723 1.00341749098 1.00104910322 1.00105764961 1.00151835161
1.61395734549 2.17999124527 1.5810007453 1.12616750598 1.04621893913 1.01610385813 1.00262772175 1.00378591754 1.00098632008 1.00158012542
2.01721096039 3.10572099686 2.1389400959 1.31906998158 1.07725910097 1.03078074008 1.0154060144 1.00843246467 1.00147755397 1.00157319172
2.53707909584 4.10225605965 2.60364794731 1.51907873154 1.09097711742 1.07081463188 1.02003299072 1.00848599803 1.00302807498 1.00226799189
3.7881102562 5.71402931213 3.8803050518 1.80091267824 1.22654820979 1.08173914254 1.08513314277 1.06037260592 1.00329114799 1.00196208805
5.08470821381 7.99230766296 5.08602285385 2.10291683674 1.29247617722 1.23733229935 1.13399399817 1.05437360331 1.00996947102 1.00144956878
5.31333208084 10.1737346649 7.40689849854 2.49349761009 1.40440186858 1.20923623443 1.10378483683 1.04717540741 1.00582859898 1.00356066017
1.60174834728 2.37493503094 2.10078930855 1.43450862169 1.10629405826 1.03754175454 1.0046126605 1.00986722857 1.00122645916 1.00408538897
1.01798705757 1.01558070071 1.00506241759 1.00121481973 1.00070854841 1.0006274847 1.00247431803 1.19543635845 1.31724965572 1.29972377419
1.0260723494 1.02590252459 1.00645030709 1.00206610421 1.00100756774 1.00235642213 1.00810868759 1.0876153782 2.01857495308 4.54406261444
1.04598570243 1.03640598804 1.00985927973 1.00278461305 1.00111993833 1.00184648717 1.00592910824 1.32414254546 3.27329349518 4.81057095528
1.0684723109 1.05559791625 1.01338776294 1.00351636787 1.00229329709 1.00366119645 1.0056960294 1.2322884798 3.35560703278 8.16809940338
1.14756245911 1.15836623311 1.07754515857 1.02385799028 1.01285165362 1.00820364524 1.01435976103 1.33290329576 3.87481164932 7.4780664444
1.44820132852 1.70933115482 1.2888533771 1.09635298699 1.04177235812 1.02002614178 1.02462632954 1.54113489389 4.51138949394 5.90773916245
1.84196591377 2.43782126904 1.74278497696 1.19674044847 1.06951325387 1.05572815239 1.04787516594 1.81010347605 4.73370146751 6.29634666443
2.33567976952 3.90696525574 2.41320383549 1.48584970832 1.11904361844 1.0435988754 1.04546495155 2.42877936363 4.71666955948 4.15136671066
3.25325512886 4.88254618645 3.81808447838 1.71594101191 1.20661625266 1.13395123184 1.15581357479 3.77865624428 4.93178272247 2.60928988457
4.68644618988 6.94899129868 4.61957406998 1.81753605604 1.36869063973 1.27975201607 1.47513723373 6.73646736145 3.12363195419 1.55376416445
5.28685903549 8.87122821808 6.09630823135 2.24474275112 1.68608617783 2.05427312851 1.81114143133 6.98501634598 1.69363486767 1.42262214422
7.08387851715 13.133395195 10.1362915039 9.47275543213 7.84872102737 5.48167896271 2.55305528641 1.36496391892 1.06405121833 1.04538673162
1.0 1.0 1.0 1.0 1.0 1.0 1.0 1.0 1.0 1.0
1.0 1.0 1.0 1.0 1.0 1.0 1.0 1.0 1.0 1.0
1.00000041113 1.0000000884 1.00000010072 1.00000013094 1.00000009143 1.00000005801 1.00000002707 1.00000002182 1.00000000547 1.00000001143
1.18354791403 1.3052636981 1.2606202364 1.1163020432 1.00462593138 1.006462391 1.00676362263 1.08384931833 1.02612773888 1.01642717049
1.83122420311 2.51245582104 2.17906081676 1.60395991802 1.03024477325 1.02125814185 1.05197481066 1.66333568096 1.05831701681 1.01823664643
2.42835915089 3.72511339188 2.96582448483 2.25067615509 1.43555951118 1.15947805345 1.18352943659 2.11685025692 1.07611645013 1.0146653913
3.45033717155 5.1860203743 4.41934990883 2.9792098999 1.43657842278 1.29589504004 1.23280078173 1.94054496288 1.02829870395 1.03148569912
4.52738189697 6.3385310173 5.22056913376 4.03252983093 1.71463924646 1.17601767182 1.19802486897 2.535982728 1.11271329224 1.04185179621
5.33092832565 7.45480775833 6.03228998184 3.61938524246 1.82464307547 1.26067295671 1.26548749208 3.30337524414 1.19752991199 1.05969770998
5.85988855362 8.96742582321 6.43046522141 4.04083871841 2.37003600597 1.37902262807 1.51958906651 6.01472425461 1.17582032084 1.12603096664
5.83277750015 9.7073059082 6.50599241257 2.99236226082 1.68479830027 1.60934722424 1.73899525404 9.52803897858 1.36627700925 1.12186107039
5.41578054428 10.4988689423 7.27691221237 3.24753832817 2.67434442043 3.10877370834 5.19810771942 7.28339195251 1.10511087626 1.06597720832
3.56753277779 5.83982610703 3.21843314171 2.701431036 2.01413536072 1.48115259409 1.09640229493 1.02580767311 1.00557295419 1.00796590652
1.0 1.0 1.0 1.0 1.0 1.0 1.0 1.0 1.0 1.0
1.0 1.0 1.0 1.0 1.0 1.0 1.0 1.0 1.0 1.0
1.0 1.0 1.0 1.0 1.0 1.0 1.0 1.0 1.0 1.0
1.00000259736 1.0000010863 1.00000072232 1.00000136096 1.00000162787 1.00000153072 1.00000081198 1.00000067941 1.00000017204 1.00000034583
1.05997093767 1.11994725466 1.06244307756 1.01668618061 1.00487016561 1.0019789692 1.00121266174 1.00066328747 1.00098475127 1.00156780577
1.35777842999 1.69483596087 1.28034690022 1.08141780645 1.02917710133 1.00708185183 1.00177770958 1.00150833093 1.00113978179 1.00158118748
1.77438253164 2.43058586121 1.73277050257 1.17073135078 1.04231808707 1.01844648458 1.01178149041 1.00669807661 1.00093649304 1.00146785553
2.26638936996 3.84985780716 2.40638542175 1.46360808611 1.1010479182 1.04807049036 1.0157656949 1.00889124162 1.00117276923 1.0025165719
3.17101740837 4.78330039978 3.81576108932 1.68245691061 1.17978702486 1.09105306864 1.03857120872 1.03748690337 1.00239771605 1.00192690652
4.6615884304 6.94024372101 4.65061473846 1.80385786295 1.34633669257 1.20289590955 1.07936374843 1.09353902936 1.00775791844 1.00154011545
5.29973697662 8.77753353119 6.02884483337 2.1085408926 1.35837325454 1.2238817215 1.21282349527 1.08588267863 1.00555589143 1.00441008387
3.93209147453 7.36436319351 6.18257141113 2.21597361565 1.41389065981 1.15340675414 1.06785950065 1.05157541484 1.00654246984 1.00336389663
1.0 1.0 1.0 1.0 1.0 1.0 1.0 1.0 1.0 1.0
1.0 1.0 1.0 1.0 1.0 1.0 1.0 1.0 1.0 1.0
1.0 1.0 1.0 1.0 1.0 1.0 1.0 1.0 1.0 1.0
1.0 1.0 1.0 1.0 1.0 1.0 1.0 1.0 1.0 1.0
1.0031472072 1.00593121862 1.00294499774 1.00085327157 1.000337665 1.00025097703 1.00007488816 1.00050218159 1.00028616848 1.00055155583
1.19222871959 1.36727315187 1.18089705706 1.05262646452 1.01186547242 1.00349058723 1.00341749098 1.00104910322 1.00105764961 1.00151835161
1.61395734549 2.17999124527 1.5810007453 1.12616750598 1.04621893913 1.01610385813 1.00262772175 1.00378591754 1.00098632008 1.00158012542
2.01721096039 3.10572099686 2.1389400959 1.31906998158 1.07725910097 1.03078074008 1.0154060144 1.00843246467 1.00147755397 1.00157319172
2.53707909584 4.10225605965 2.60364794731 1.51907873154 1.09097711742 1.07081463188 1.02003299072 1.00848599803 1.00302807498 1.00226799189
3.7881102562 5.71402931213 3.8803050518 1.80091267824 1.22654820979 1.08173914254 1.08513314277 1.06037260592 1.00329114799 1.00196208805
5.08470821381 7.99230766296 5.08602285385 2.10291683674 1.29247617722 1.23733229935 1.13399399817 1.05437360331 1.00996947102 1.00144956878
5.31333208084 10.1737346649 7.40689849854 2.49349761009 1.40440186858 1.20923623443 1.10378483683 1.04717540741 1.00582859898 1.00356066017